1 0.9659360189573459 0.4413854351687389 0.0669431279620853 0.7637655417406749
1 0.5903436018957346 0.47424511545293074 0.1943127962085308 0.7628774422735346
1 0.8042061611374408 0.4453818827708703 0.19194312796208532 0.8658969804618117
1 0.6907582938388626 0.43783303730017764 0.1783175355450237 0.7868561278863233
1 0.38536729857819907 0.4573712255772647 0.1759478672985782 0.7921847246891652
1 0.9055094786729858 0.43738898756660743 0.1877962085308057 0.8392539964476021
1 0.48933649289099523 0.44582593250444047 0.18424170616113744 0.7380106571936057
1 0.284063981042654 0.45204262877442275 0.1901658767772512 0.8188277087033747
1 0.1854265402843602 0.455595026642984 0.17239336492890994 0.8330373001776199
1 0.044727488151658765 0.4644760213143872 0.08945497630331753 0.7193605683836589
1 0.09152843601895734 0.4240674955595027 0.16646919431279622 0.8481349911190054