1 0.0737082066869301 0.5885258358662614 0.1474164133738602 0.6542553191489362
1 0.41919959473150964 0.4810030395136778 0.19351570415400202 0.6534954407294833
1 0.23708206686930092 0.5186170212765957 0.1955420466058764 0.7484802431610942
1 0.33105369807497464 0.4817629179331307 0.18135764944275581 0.6724924012158054
1 0.5871327254305978 0.4034954407294833 0.17882472137791286 0.6762917933130699
1 0.146403242147923 0.5311550151975684 0.19959473150962512 0.7522796352583586
1 0.4992401215805471 0.4259118541033435 0.1833839918946302 0.6329787234042553
1 0.6702127659574468 0.36740121580547114 0.19199594731509625 0.6998480243161094
1 0.7530395136778115 0.3476443768996961 0.17882472137791286 0.6952887537993921
1 0.9047619047619048 0.30015197568389057 0.1702127659574468 0.6003039513677811
1 0.8259878419452887 0.32256838905775076 0.17375886524822695 0.6451367781155015