1 0.8802923387096774 0.2950075642965204 0.23840725806451613 0.5900151285930408
1 0.5874495967741935 0.4962178517397882 0.31149193548387094 0.710287443267776
1 0.7532762096774194 0.39107413010590014 0.3321572580645161 0.7821482602118003
1 0.670866935483871 0.4565052950075643 0.3034274193548387 0.7231467473524962
1 0.44279233870967744 0.6395612708018155 0.3029233870967742 0.7193645990922845
1 0.8341733870967742 0.3668683812405446 0.33064516129032256 0.7337367624810892
1 0.5219254032258065 0.5835854765506808 0.29788306451612906 0.6860816944024206
1 0.3702116935483871 0.6671709531013615 0.3190524193548387 0.6641452344931922
1 0.29435483870967744 0.697428139183056 0.3024193548387097 0.6036308623298033
1 0.15751008064516128 0.777231467473525 0.27368951612903225 0.44402420574886536
1 0.23009072580645162 0.7378971255673222 0.28881048387096775 0.5226928895612708