1 0.06886574074074074 0.5516493055555556 0.13773148148148148 0.7578125
1 0.4461805555555556 0.5203993055555556 0.23958333333333334 0.765625
1 0.2361111111111111 0.51953125 0.24421296296296297 0.875
1 0.3460648148148148 0.5008680555555556 0.22569444444444445 0.7864583333333334
1 0.6440972222222222 0.4730902777777778 0.22337962962962962 0.7907986111111112
1 0.1322337962962963 0.5121527777777778 0.2488425925925926 0.8802083333333334
1 0.5422453703703703 0.4774305555555556 0.22800925925925927 0.7404513888888888
1 0.7421875 0.4518229166666667 0.23900462962962962 0.8185763888888888
1 0.8382523148148148 0.4405381944444444 0.22337962962962962 0.8307291666666666
1 0.9539930555555556 0.4292534722222222 0.09085648148148148 0.7057291666666666
1 0.9085648148148148 0.4088541666666667 0.18171296296296297 0.8177083333333334