1 0.9243048403707518 0.6031684698608965 0.15036045314109167 0.6669242658423493
1 0.5877960865087538 0.4659969088098918 0.21730175077239958 0.6669242658423493
1 0.7711122554067971 0.5189335394126738 0.22296601441812564 0.7612055641421948
1 0.6771369721936148 0.4741112828438949 0.2059732234809475 0.6846986089644513
1 0.41992790937178165 0.3740340030911901 0.203913491246138 0.6885625965996909
1 0.8627703398558187 0.5386398763523956 0.22708547888774458 0.7658423493044823
1 0.508496395468589 0.4037867078825348 0.20648815653964986 0.6452859350850078
1 0.3372811534500515 0.34428129829984544 0.21833161688980432 0.6870170015455951
1 0.2548918640576725 0.32921174652241114 0.2059732234809475 0.6568778979907264
1 0.101956745623069 0.2751159196290572 0.19361483007209063 0.5486862442040186
1 0.1825437693099897 0.30061823802163834 0.20133882595262617 0.5996908809891809