1 0.10595703125 0.48754578754578753 0.2119140625 0.6732600732600733
1 0.428466796875 0.46483516483516485 0.2890625 0.6827838827838828
1 0.25146484375 0.4597069597069597 0.306640625 0.7721611721611722
1 0.344482421875 0.4457875457875458 0.28076171875 0.6959706959706959
1 0.59619140625 0.4293040293040293 0.27978515625 0.6989010989010989
1 0.163818359375 0.4509157509157509 0.31103515625 0.7772893772893773
1 0.510009765625 0.43040293040293043 0.2763671875 0.6593406593406593
1 0.6787109375 0.4135531135531135 0.2958984375 0.726007326007326
1 0.758544921875 0.4139194139194139 0.283203125 0.715018315018315
1 0.888916015625 0.40915750915750915 0.22119140625 0.6117216117216118
1 0.829345703125 0.4087912087912088 0.271484375 0.6608058608058608