0 0.8477777777777777 0.43583333333333335 0.23555555555555555 0.15166666666666667
0 0.4711111111111111 0.35083333333333333 0.21555555555555556 0.15833333333333333
0 0.6433333333333333 0.3958333333333333 0.20222222222222222 0.13666666666666666
0 0.27444444444444444 0.32 0.24222222222222223 0.175
0 0.9488888888888889 0.49 0.09777777777777778 0.15666666666666668
0 0.8144444444444444 0.5108333333333334 0.2733333333333333 0.19833333333333333
0 0.37333333333333335 0.4116666666666667 0.27111111111111114 0.195
0 0.18777777777777777 0.37 0.26666666666666666 0.20833333333333334
0 0.5866666666666667 0.4691666666666667 0.26666666666666666 0.19333333333333333
0 0.9466666666666667 0.5583333333333333 0.10222222222222223 0.15
0 0.12555555555555556 0.43833333333333335 0.2511111111111111 0.24333333333333335
0 0.28444444444444444 0.49166666666666664 0.31333333333333335 0.21833333333333332
0 0.5255555555555556 0.5491666666666667 0.3 0.19666666666666666
0 0.7688888888888888 0.6191666666666666 0.30666666666666664 0.22833333333333333
0 0.9233333333333333 0.6616666666666666 0.13111111111111112 0.20166666666666666
0 0.1688888888888889 0.6033333333333334 0.3377777777777778 0.3
0 0.4111111111111111 0.6758333333333333 0.40444444444444444 0.315
0 0.7033333333333334 0.78 0.4066666666666667 0.30333333333333334