0 0.19230769230769232 0.6344803370786517 0.32982086406743943 0.41151685393258425
0 0.44757639620653317 0.632373595505618 0.2608008429926238 0.32865168539325845
0 0.649104320337197 0.577247191011236 0.23445732349841938 0.29213483146067415
0 0.7924130663856691 0.5758426966292135 0.17123287671232876 0.25140449438202245
0 0.8108535300316122 0.3121488764044944 0.1701791359325606 0.2577247191011236
0 0.6675447839831401 0.2945926966292135 0.22813487881981032 0.29985955056179775
0 0.4567966280295047 0.2679073033707865 0.2692307692307692 0.3616573033707865
0 0.18598524762908325 0.22226123595505617 0.33877766069546894 0.4339887640449438
0 0.4623287671232877 0.8876404494382022 0.28609062170706007 0.22331460674157302
0 0.630927291886196 0.8613061797752809 0.23761854583772393 0.27598314606741575
0 0.773972602739726 0.8247893258426966 0.17650158061116966 0.22752808988764045