0 0.4795719844357977 0.2465277777777778 0.3326848249027237 0.4930555555555556
0 0.9513618677042801 0.4079861111111111 0.0933852140077821 0.4965277777777778
0 0.6780155642023347 0.4496527777777778 0.2801556420233463 0.4548611111111111
0 0.872568093385214 0.53125 0.2509727626459144 0.5208333333333334
0 0.11575875486381323 0.2881944444444444 0.23151750972762647 0.4930555555555556
0 0.5291828793774319 0.4704861111111111 0.2704280155642023 0.4479166666666667
0 0.3025291828793774 0.4809027777777778 0.3521400778210117 0.6076388888888888
0 0.938715953307393 0.7430555555555556 0.11867704280155641 0.5069444444444444
0 0.14591439688715954 0.59375 0.2918287937743191 0.5347222222222222
0 0.428988326848249 0.734375 0.2898832684824903 0.5243055555555556
0 0.8317120622568094 0.765625 0.32490272373540857 0.4618055555555556
0 0.6313229571984436 0.7552083333333334 0.38715953307393 0.4826388888888889
0 0.2714007782101167 0.8020833333333334 0.3035019455252918 0.3333333333333333
0 0.2791828793774319 0.1076388888888889 0.31712062256809337 0.2152777777777778
0 0.6342412451361867 0.1875 0.2704280155642023 0.3715277777777778
0 0.8433852140077821 0.2847222222222222 0.26848249027237353 0.4166666666666667