0 0.7353433835845896 0.9419642857142857 0.1541038525963149 0.06808035714285714
0 0.4501675041876047 0.9698660714285714 0.16834170854271358 0.05803571428571429
0 0.3119765494137353 0.9787946428571429 0.16666666666666666 0.04017857142857143
0 0.5950586264656617 0.9542410714285714 0.1541038525963149 0.08816964285714286
0 0.7437185929648241 0.8470982142857143 0.18425460636515914 0.23214285714285715
0 0.8860971524288107 0.8180803571428571 0.17755443886097153 0.23325892857142858
0 0.44681742043551087 0.890625 0.18509212730318259 0.21651785714285715
0 0.5954773869346733 0.86328125 0.17922948073701842 0.23549107142857142
0 0.13274706867671693 0.9056919642857143 0.20016750418760468 0.18638392857142858
0 0.29396984924623115 0.88671875 0.19430485762144054 0.22433035714285715
0 0.7412060301507538 0.6623883928571429 0.19262981574539365 0.2544642857142857
0 0.5946398659966499 0.6752232142857143 0.18760469011725292 0.25669642857142855
0 0.43174204355108875 0.7042410714285714 0.19597989949748743 0.24888392857142858
0 0.8852596314907872 0.9174107142857143 0.16331658291457288 0.06919642857142858