0 0.8706521739130435 0.8227124183006536 0.2543478260869565 0.26633986928104575
0 0.6141304347826086 0.8668300653594772 0.3804347826086957 0.2630718954248366
0 0.29782608695652174 0.8937908496732027 0.391304347826087 0.20915032679738563
0 0.5728260869565217 0.6911764705882353 0.4217391304347826 0.3104575163398693
0 0.8543478260869565 0.6429738562091504 0.28695652173913044 0.3545751633986928
0 0.22826086956521738 0.7238562091503268 0.40652173913043477 0.3366013071895425
0 0.5271739130434783 0.43300653594771243 0.5434782608695652 0.43790849673202614
0 0.825 0.3700980392156863 0.3456521739130435 0.3839869281045752
0 0.1793478260869565 0.46078431372549017 0.358695652173913 0.39869281045751637
0 0.7858695652173913 0.12745098039215685 0.2717391304347826 0.2549019607843137
0 0.4880434782608696 0.15441176470588236 0.5934782608695652 0.3088235294117647
0 0.12934782608695652 0.19117647058823528 0.25869565217391305 0.29411764705882354