0 0.7002262443438914 0.7397959183673469 0.29638009049773756 0.18537414965986396
0 0.4332579185520362 0.7244897959183674 0.27828054298642535 0.19047619047619047
0 0.917420814479638 0.7482993197278912 0.16063348416289594 0.17346938775510204
0 0.1583710407239819 0.6887755102040817 0.2873303167420814 0.21428571428571427
0 0.9230769230769231 0.6811224489795918 0.1493212669683258 0.25
0 0.746606334841629 0.6403061224489796 0.3552036199095023 0.22789115646258504
0 0.16063348416289594 0.5901360544217688 0.3212669683257919 0.2789115646258503
0 0.40271493212669685 0.6011904761904762 0.3914027149321267 0.2755102040816326
0 0.7771493212669683 0.5221088435374149 0.4411764705882353 0.3129251700680272
0 0.9683257918552036 0.5297619047619048 0.058823529411764705 0.26700680272108845
0 0.3891402714932127 0.48299319727891155 0.45475113122171945 0.29931972789115646
0 0.13009049773755657 0.44727891156462585 0.26018099547511314 0.3299319727891156
0 0.7692307692307693 0.2687074829931973 0.4592760180995475 0.49829931972789115
0 0.3755656108597285 0.2389455782312925 0.6153846153846154 0.477891156462585