0 0.6120689655172413 0.7516181229773463 0.1400862068965517 0.11003236245954692
0 0.5150862068965517 0.75 0.14439655172413793 0.11326860841423948
0 0.41594827586206895 0.7459546925566343 0.14870689655172414 0.11003236245954692
0 0.3135775862068966 0.7419093851132686 0.14224137931034483 0.10517799352750809
0 0.21767241379310345 0.7346278317152104 0.12931034482758622 0.09385113268608414
0 0.6303879310344828 0.6893203883495146 0.1336206896551724 0.10194174757281553
0 0.5301724137931034 0.6852750809061489 0.1314655172413793 0.0970873786407767
0 0.42995689655172414 0.6820388349514563 0.13793103448275862 0.10194174757281553
0 0.3275862068965517 0.6771844660194175 0.13793103448275862 0.10194174757281553
0 0.22306034482758622 0.669093851132686 0.13793103448275862 0.10194174757281553
0 0.6487068965517241 0.6213592233009708 0.14224137931034483 0.10679611650485436
0 0.5387931034482759 0.6181229773462783 0.13793103448275862 0.10679611650485436
0 0.44612068965517243 0.616504854368932 0.15086206896551724 0.11165048543689321
0 0.33189655172413796 0.6084142394822006 0.14439655172413793 0.11326860841423948
0 0.2252155172413793 0.5995145631067961 0.15086206896551724 0.10841423948220065
0 0.6648706896551724 0.5550161812297735 0.15301724137931033 0.11650485436893204
0 0.5603448275862069 0.5477346278317152 0.15732758620689655 0.11326860841423948
0 0.4515086206896552 0.5380258899676376 0.13793103448275862 0.10355987055016182
0 0.3426724137931034 0.5380258899676376 0.15086206896551724 0.12135922330097088
0 0.23168103448275862 0.5283171521035599 0.15086206896551724 0.11488673139158576
0 0.6853448275862069 0.4797734627831715 0.16163793103448276 0.11650485436893204
0 0.5775862068965517 0.470873786407767 0.14870689655172414 0.11003236245954692
0 0.4698275862068966 0.46359223300970875 0.16163793103448276 0.11812297734627832
0 0.35129310344827586 0.459546925566343 0.15948275862068967 0.12297734627831715
0 0.2413793103448276 0.44902912621359226 0.16163793103448276 0.127831715210356
0 0.7144396551724138 0.39724919093851135 0.1875 0.13106796116504854
0 0.5969827586206896 0.39239482200647247 0.16810344827586207 0.11974110032362459
0 0.48814655172413796 0.3786407766990291 0.18318965517241378 0.14724919093851133
0 0.3642241379310345 0.3737864077669903 0.16379310344827586 0.12944983818770225
0 0.25323275862068967 0.3567961165048544 0.1724137931034483 0.13268608414239483