0 0.46372549019607845 0.7352507374631269 0.27058823529411763 0.17404129793510326
0 0.6794117647058824 0.6710914454277286 0.2549019607843137 0.17846607669616518
0 0.2372549019607843 0.7957227138643068 0.2549019607843137 0.17404129793510326
0 0.8794117647058823 0.5877581120943953 0.2372549019607843 0.20206489675516223
0 0.19215686274509805 0.745575221238938 0.28431372549019607 0.24336283185840707
0 0.39019607843137255 0.661504424778761 0.3215686274509804 0.21386430678466076
0 0.8519607843137255 0.5058997050147492 0.29215686274509806 0.25958702064896755
0 0.6627450980392157 0.5626843657817109 0.3588235294117647 0.2551622418879056
0 0.30980392156862746 0.5707964601769911 0.43137254901960786 0.2890855457227139
0 0.10490196078431373 0.6261061946902655 0.20980392156862746 0.2581120943952802
0 0.634313725490196 0.46238938053097345 0.41568627450980394 0.27876106194690264
0 0.8529411764705882 0.37905604719764013 0.2901960784313726 0.29793510324483774
0 0.2323529411764706 0.3672566371681416 0.4647058823529412 0.471976401179941
0 0.5588235294117647 0.24705014749262535 0.5686274509803921 0.4557522123893805