0 0.20989304812834225 0.4158345221112696 0.30213903743315507 0.405848787446505
0 0.4590909090909091 0.43509272467902993 0.15240641711229946 0.24108416547788872
0 0.3775401069518717 0.5449358059914408 0.20855614973262032 0.275320970042796
0 0.11229946524064172 0.6433666191155493 0.22459893048128343 0.5934379457917262
0 0.4858288770053476 0.6255349500713266 0.1443850267379679 0.20042796005706134
0 0.2922459893048128 0.7382310984308131 0.29197860962566846 0.38231098430813126
0 0.44545454545454544 0.7853067047075606 0.18663101604278076 0.2396576319543509
0 0.17459893048128342 0.884450784593438 0.34919786096256683 0.21683309557774608
0 0.40962566844919784 0.9062054208273894 0.20641711229946524 0.1861626248216833
0 0.5240641711229946 0.9076319543509273 0.17754010695187167 0.1833095577746077
0 0.389572192513369 0.1861626248216833 0.1481283422459893 0.23751783166904422
0 0.31925133689839574 0.28031383737517834 0.20909090909090908 0.3166904422253923