0 0.7837301587301587 0.8846726190476191 0.32936507936507936 0.22767857142857142
0 0.48115079365079366 0.859375 0.30158730158730157 0.23214285714285715
0 0.18253968253968253 0.8325892857142857 0.31746031746031744 0.2113095238095238
0 0.5089285714285714 0.6830357142857143 0.3353174603174603 0.24404761904761904
0 0.8333333333333334 0.7075892857142857 0.32142857142857145 0.29017857142857145
0 0.1775793650793651 0.6421130952380952 0.3551587301587302 0.27529761904761907
0 0.5615079365079365 0.4486607142857143 0.4226190476190476 0.35119047619047616
0 0.8601190476190477 0.45610119047619047 0.2757936507936508 0.32589285714285715
0 0.18948412698412698 0.3950892857142857 0.37896825396825395 0.3318452380952381
0 0.9087301587301587 0.18452380952380953 0.17857142857142858 0.3244047619047619
0 0.6369047619047619 0.15476190476190477 0.49603174603174605 0.30952380952380953
0 0.20932539682539683 0.12946428571428573 0.38293650793650796 0.25892857142857145