0 0.49361702127659574 0.780448717948718 0.1574468085106383 0.12179487179487179
0 0.5872340425531914 0.7371794871794872 0.1723404255319149 0.1266025641025641
0 0.6787234042553192 0.6850961538461539 0.1723404255319149 0.1282051282051282
0 0.41914893617021276 0.7299679487179487 0.1574468085106383 0.11698717948717949
0 0.7872340425531915 0.6290064102564102 0.17872340425531916 0.13141025641025642
0 0.5202127659574468 0.6810897435897436 0.15319148936170213 0.1201923076923077
0 0.8776595744680851 0.5745192307692307 0.16808510638297872 0.13141025641025642
0 0.6234042553191489 0.6274038461538461 0.16170212765957448 0.1233974358974359
0 0.3478723404255319 0.6754807692307693 0.18085106382978725 0.14102564102564102
0 0.7170212765957447 0.5689102564102564 0.16808510638297872 0.1266025641025641
0 0.451063829787234 0.6201923076923077 0.1723404255319149 0.1266025641025641
0 0.8202127659574469 0.5128205128205128 0.17659574468085107 0.1362179487179487
0 0.5478723404255319 0.5649038461538461 0.1723404255319149 0.1362179487179487
0 0.2670212765957447 0.6201923076923077 0.1851063829787234 0.14102564102564102
0 0.6563829787234042 0.5096153846153846 0.17872340425531916 0.1362179487179487
0 0.3776595744680851 0.5625 0.19148936170212766 0.15064102564102563
0 0.7606382978723404 0.4358974358974359 0.16808510638297872 0.13141025641025642
0 0.4829787234042553 0.4967948717948718 0.17446808510638298 0.1362179487179487
0 0.17446808510638298 0.5504807692307693 0.20638297872340425 0.15384615384615385
0 0.5882978723404255 0.4286858974358974 0.1851063829787234 0.1362179487179487
0 0.28829787234042553 0.48717948717948717 0.19787234042553192 0.15064102564102563
0 0.7042553191489361 0.3701923076923077 0.18936170212765957 0.14262820512820512
0 0.39574468085106385 0.421474358974359 0.19574468085106383 0.15544871794871795
0 0.08404255319148936 0.4719551282051282 0.16808510638297872 0.15865384615384615
0 0.5138297872340426 0.34775641025641024 0.19148936170212766 0.14903846153846154
0 0.18723404255319148 0.40384615384615385 0.20425531914893616 0.15705128205128205
0 0.6393617021276595 0.28525641025641024 0.19361702127659575 0.15224358974358973
0 0.3127659574468085 0.33092948717948717 0.2148936170212766 0.17147435897435898
0 0.4329787234042553 0.2668269230769231 0.2127659574468085 0.17147435897435898
0 0.5574468085106383 0.1842948717948718 0.2148936170212766 0.16666666666666666