0 0.5727124183006536 0.29505813953488375 0.3055555555555556 0.5290697674418605
0 0.11274509803921569 0.2180232558139535 0.21895424836601307 0.436046511627907
0 0.37745098039215685 0.39244186046511625 0.25326797385620914 0.42151162790697677
0 0.19281045751633988 0.34738372093023256 0.2647058823529412 0.47093023255813954
0 0.8700980392156863 0.561046511627907 0.2565359477124183 0.47093023255813954
0 0.4910130718954248 0.48546511627906974 0.24673202614379086 0.41569767441860467
0 0.6674836601307189 0.6090116279069767 0.3235294117647059 0.5581395348837209
0 0.0923202614379085 0.4941860465116279 0.184640522875817 0.5290697674418605
0 0.8129084967320261 0.7674418604651163 0.3415032679738562 0.45930232558139533
0 0.5269607843137255 0.751453488372093 0.26633986928104575 0.49127906976744184
0 0.18218954248366012 0.6293604651162791 0.32516339869281047 0.5843023255813954
0 0.35866013071895425 0.7107558139534884 0.35784313725490197 0.5726744186046512
0 0.6388888888888888 0.8546511627906976 0.28104575163398693 0.28488372093023256
0 0.7598039215686274 0.2441860465116279 0.28921568627450983 0.38953488372093026
0 0.45751633986928103 0.18895348837209303 0.25163398692810457 0.37790697674418605
0 0.27450980392156865 0.18604651162790697 0.25163398692810457 0.37209302325581395