0 0.843503937007874 0.22263313609467456 0.15748031496062992 0.12130177514792899
0 0.7234251968503937 0.21967455621301776 0.15354330708661418 0.11834319526627218
0 0.593503937007874 0.22337278106508876 0.15354330708661418 0.12130177514792899
0 0.4675196850393701 0.23002958579881658 0.1515748031496063 0.1242603550295858
0 0.3316929133858268 0.23298816568047337 0.15551181102362205 0.11982248520710059
0 0.8700787401574803 0.30547337278106507 0.15551181102362205 0.11834319526627218
0 0.7381889763779528 0.30547337278106507 0.14960629921259844 0.11390532544378698
0 0.6072834645669292 0.3084319526627219 0.16141732283464566 0.11686390532544379
0 0.4734251968503937 0.3165680473372781 0.1594488188976378 0.13313609467455623
0 0.8996062992125984 0.38461538461538464 0.16929133858267717 0.11538461538461539
0 0.33661417322834647 0.3224852071005917 0.16141732283464566 0.1257396449704142
0 0.7559055118110236 0.38979289940828404 0.16141732283464566 0.11982248520710059
0 0.6122047244094488 0.39644970414201186 0.16141732283464566 0.13609467455621302
0 0.4793307086614173 0.40458579881656803 0.1594488188976378 0.1227810650887574
0 0.9183070866141733 0.48150887573964496 0.1594488188976378 0.13165680473372782
0 0.33366141732283466 0.41863905325443784 0.16535433070866143 0.12130177514792899
0 0.7736220472440944 0.4807692307692308 0.17913385826771652 0.14497041420118342
0 0.6289370078740157 0.496301775147929 0.17519685039370078 0.13609467455621302
0 0.4822834645669291 0.5029585798816568 0.17125984251968504 0.12721893491124261
0 0.9232283464566929 0.5835798816568047 0.14960629921259844 0.1346153846153846
0 0.3375984251968504 0.507396449704142 0.15748031496062992 0.12721893491124261
0 0.797244094488189 0.5954142011834319 0.1830708661417323 0.13313609467455623
0 0.6466535433070866 0.599112426035503 0.18700787401574803 0.14644970414201183
0 0.49015748031496065 0.606508875739645 0.18503937007874016 0.13609467455621302
0 0.33562992125984253 0.6109467455621301 0.1830708661417323 0.14053254437869822
0 0.8198818897637795 0.7063609467455622 0.19488188976377951 0.15088757396449703
0 0.655511811023622 0.7211538461538461 0.19881889763779528 0.15680473372781065
0 0.4970472440944882 0.716715976331361 0.19881889763779528 0.14940828402366865
0 0.32677165354330706 0.7292899408284024 0.2047244094488189 0.15680473372781065