0 0.3456521739130435 0.10097719869706841 0.1934782608695652 0.1482084690553746
0 0.4641304347826087 0.14332247557003258 0.1891304347826087 0.14169381107491857
0 0.5902173913043478 0.1962540716612378 0.1891304347826087 0.1465798045602606
0 0.7108695652173913 0.25 0.18695652173913044 0.1482084690553746
0 0.841304347826087 0.30374592833876224 0.1891304347826087 0.1449511400651466
0 0.26413043478260867 0.17263843648208468 0.19130434782608696 0.1449511400651466
0 0.3934782608695652 0.22149837133550487 0.1826086956521739 0.13680781758957655
0 0.5195652173913043 0.2744299674267101 0.19782608695652174 0.14332247557003258
0 0.6467391304347826 0.3322475570032573 0.19782608695652174 0.15960912052117263
0 0.1826086956521739 0.23859934853420195 0.20434782608695654 0.14169381107491857
0 0.7771739130434783 0.38925081433224756 0.19782608695652174 0.15309446254071662
0 0.31956521739130433 0.2980456026058632 0.19782608695652174 0.1465798045602606
0 0.45652173913043476 0.3583061889250814 0.19782608695652174 0.16286644951140064
0 0.5815217391304348 0.4161237785016287 0.1956521739130435 0.1498371335504886
0 0.10434782608695652 0.3249185667752443 0.18695652173913044 0.15960912052117263
0 0.716304347826087 0.48452768729641693 0.20217391304347826 0.1482084690553746
0 0.24130434782608695 0.3802931596091205 0.2217391304347826 0.1742671009771987
0 0.37282608695652175 0.4503257328990228 0.21304347826086956 0.16449511400651465
0 0.5130434782608696 0.511400651465798 0.20869565217391303 0.15472312703583063
0 0.059782608695652176 0.4250814332247557 0.11956521739130435 0.16123778501628663
0 0.6521739130434783 0.5708469055374593 0.1956521739130435 0.15309446254071662
0 0.1423913043478261 0.4837133550488599 0.22391304347826088 0.16449511400651465
0 0.28695652173913044 0.5439739413680782 0.23043478260869565 0.1791530944625407
0 0.4358695652173913 0.6107491856677525 0.22608695652173913 0.16775244299674266
0 0.5847826086956521 0.6726384364820847 0.22608695652173913 0.17100977198697068
0 0.08369565217391305 0.5871335504885994 0.1673913043478261 0.18403908794788273
0 0.19782608695652174 0.6604234527687296 0.24347826086956523 0.18892508143322476
0 0.3565217391304348 0.7149837133550488 0.24130434782608695 0.18078175895765472
0 0.5152173913043478 0.7923452768729642 0.25 0.18892508143322476