0 0.3407821229050279 0.9165111940298507 0.13058659217877094 0.15485074626865672
0 0.5799581005586593 0.9160447761194029 0.14106145251396648 0.16511194029850745
0 0.69518156424581 0.9137126865671642 0.14106145251396648 0.16417910447761194
0 0.8236731843575419 0.9155783582089553 0.15223463687150837 0.15578358208955223
0 0.4581005586592179 0.9095149253731343 0.12918994413407822 0.17164179104477612
0 0.32786312849162014 0.7826492537313433 0.1452513966480447 0.1828358208955224
0 0.20844972067039105 0.7751865671641791 0.13966480446927373 0.1837686567164179
0 0.5782122905027933 0.7882462686567164 0.1452513966480447 0.1791044776119403
0 0.45216480446927376 0.7784514925373134 0.1403631284916201 0.18470149253731344
0 0.8414804469273743 0.7915111940298507 0.1564245810055866 0.20615671641791045
0 0.7053072625698324 0.777518656716418 0.15223463687150837 0.2042910447761194
0 0.31843575418994413 0.628731343283582 0.15223463687150837 0.20055970149253732
0 0.4409916201117318 0.6222014925373134 0.1473463687150838 0.20335820895522388
0 0.577513966480447 0.6268656716417911 0.15502793296089384 0.1958955223880597
0 0.21508379888268156 0.9174440298507462 0.13966480446927373 0.16324626865671643