0 0.694 0.28817365269461076 0.15 0.11826347305389222
0 0.588 0.27619760479041916 0.174 0.13323353293413173
0 0.466 0.27320359281437123 0.168 0.12874251497005987
0 0.712 0.35254491017964074 0.172 0.12874251497005987
0 0.351 0.2717065868263473 0.164 0.12125748502994012
0 0.582 0.35479041916167664 0.164 0.12574850299401197
0 0.228 0.27395209580838326 0.17 0.13323353293413173
0 0.47 0.35254491017964074 0.158 0.12425149700598802
0 0.729 0.4258982035928144 0.166 0.12425149700598802
0 0.346 0.35404191616766467 0.172 0.13023952095808383
0 0.599 0.4273952095808383 0.172 0.1377245508982036
0 0.223 0.35179640718562877 0.172 0.12874251497005987
0 0.475 0.42889221556886226 0.178 0.14221556886227546
0 0.753 0.5082335329341318 0.182 0.1377245508982036
0 0.352 0.4311377245508982 0.17 0.1347305389221557
0 0.616 0.5104790419161677 0.19 0.16167664670658682
0 0.21 0.43263473053892215 0.164 0.11976047904191617
0 0.484 0.5157185628742516 0.174 0.13622754491017963
0 0.775 0.6017964071856288 0.172 0.12425149700598802
0 0.344 0.5172155688622755 0.192 0.1407185628742515
0 0.63 0.6032934131736527 0.16 0.12425149700598802
0 0.209 0.5157185628742516 0.184 0.13622754491017963
0 0.492 0.6047904191616766 0.178 0.13023952095808383
0 0.803 0.7103293413173652 0.18 0.13323353293413173
0 0.343 0.6107784431137725 0.168 0.12275449101796407
0 0.652 0.7118263473053892 0.168 0.13023952095808383
0 0.203 0.6122754491017964 0.18 0.1317365269461078
0 0.493 0.718562874251497 0.174 0.13323353293413173
0 0.348 0.7133233532934131 0.182 0.14520958083832336
0 0.185 0.7223053892215568 0.172 0.13922155688622753