0 0.32641921397379914 0.0915032679738562 0.18340611353711792 0.14052287581699346
0 0.44868995633187775 0.12908496732026145 0.17903930131004367 0.13562091503267973
0 0.5786026200873362 0.1772875816993464 0.17903930131004367 0.14052287581699346
0 0.7030567685589519 0.22630718954248366 0.17685589519650655 0.14215686274509803
0 0.8373362445414847 0.27532679738562094 0.17903930131004367 0.1388888888888889
0 0.24890829694323144 0.16666666666666666 0.1812227074235808 0.13725490196078433
0 0.38209606986899564 0.2107843137254902 0.17467248908296942 0.13071895424836602
0 0.5131004366812227 0.2581699346405229 0.18777292576419213 0.13562091503267973
0 0.6441048034934498 0.3112745098039216 0.18995633187772926 0.15196078431372548
0 0.17248908296943233 0.2361111111111111 0.1965065502183406 0.13562091503267973
0 0.7794759825327511 0.36356209150326796 0.18995633187772926 0.1454248366013072
0 0.3133187772925764 0.2900326797385621 0.18777292576419213 0.1388888888888889
0 0.45524017467248906 0.34477124183006536 0.18995633187772926 0.15522875816993464
0 0.5851528384279476 0.397875816993464 0.185589519650655 0.14215686274509803
0 0.09716157205240175 0.32598039215686275 0.185589519650655 0.15359477124183007
0 0.7248908296943232 0.4616013071895425 0.19213973799126638 0.14215686274509803
0 0.24126637554585154 0.3758169934640523 0.21179039301310043 0.16830065359477125
0 0.3777292576419214 0.440359477124183 0.2052401746724891 0.15849673202614378
0 0.5229257641921398 0.4959150326797386 0.20087336244541484 0.14869281045751634
0 0.05895196506550218 0.4272875816993464 0.11572052401746726 0.15849673202614378
0 0.6670305676855895 0.5506535947712419 0.18777292576419213 0.1454248366013072
0 0.14847161572052403 0.48284313725490197 0.21615720524017468 0.1568627450980392
0 0.2980349344978166 0.5383986928104575 0.2205240174672489 0.1715686274509804
0 0.45305676855895194 0.5988562091503268 0.2183406113537118 0.16013071895424835
0 0.6069868995633187 0.6552287581699346 0.21615720524017468 0.16339869281045752
0 0.08842794759825327 0.5890522875816994 0.17685589519650655 0.1781045751633987
0 0.21724890829694324 0.6584967320261438 0.2336244541484716 0.18137254901960784
0 0.38100436681222705 0.7066993464052288 0.2314410480349345 0.17320261437908496
0 0.5447598253275109 0.7777777777777778 0.24017467248908297 0.18137254901960784