0 0.3218884120171674 0.36897106109324757 0.14377682403433475 0.10289389067524116
0 0.41952789699570814 0.3545016077170418 0.14377682403433475 0.10771704180064309
0 0.5214592274678111 0.34163987138263663 0.15021459227467812 0.11736334405144695
0 0.6255364806866953 0.3295819935691318 0.15236051502145923 0.11414790996784566
0 0.7167381974248928 0.3207395498392283 0.13948497854077252 0.1045016077170418
0 0.3261802575107296 0.43729903536977494 0.15450643776824036 0.11254019292604502
0 0.4313304721030043 0.4228295819935691 0.15236051502145923 0.11414790996784566
0 0.5332618025751072 0.407556270096463 0.15665236051502146 0.10771704180064309
0 0.6298283261802575 0.3979099678456592 0.14377682403433475 0.10771704180064309
0 0.7446351931330472 0.38183279742765275 0.15236051502145923 0.11254019292604502
0 0.3272532188841202 0.5072347266881029 0.15665236051502146 0.1157556270096463
0 0.4356223175965665 0.4903536977491961 0.15236051502145923 0.11414790996784566
0 0.5407725321888412 0.47508038585209006 0.15021459227467812 0.11414790996784566
0 0.6512875536480687 0.4662379421221865 0.1630901287553648 0.12379421221864952
0 0.7575107296137339 0.4517684887459807 0.15665236051502146 0.1189710610932476
0 0.3293991416309013 0.5795819935691319 0.148068669527897 0.10932475884244373
0 0.43991416309012876 0.569935691318328 0.1630901287553648 0.12379421221864952
0 0.5547210300429185 0.5562700964630225 0.15665236051502146 0.12379421221864952
0 0.6620171673819742 0.5313504823151125 0.1459227467811159 0.12057877813504823
0 0.7800429184549357 0.52491961414791 0.15879828326180256 0.11736334405144695
0 0.33476394849785407 0.6631832797427653 0.1609442060085837 0.12057877813504823
0 0.44742489270386265 0.6463022508038585 0.15879828326180256 0.12379421221864952
0 0.5611587982832618 0.632636655948553 0.17381974248927037 0.13665594855305466
0 0.6845493562231759 0.6205787781350482 0.17167381974248927 0.13504823151125403
0 0.7982832618025751 0.6085209003215434 0.17167381974248927 0.12379421221864952
0 0.33047210300429186 0.75 0.17381974248927037 0.13183279742765272
0 0.4581545064377682 0.729903536977492 0.17381974248927037 0.13665594855305466
0 0.5697424892703863 0.72508038585209 0.19098712446351931 0.1382636655948553
0 0.7017167381974249 0.7065916398713826 0.16952789699570817 0.1302250803858521
0 0.8261802575107297 0.6985530546623794 0.16952789699570817 0.12218649517684887