0 0.09232365145228216 0.4454828660436137 0.18464730290456433 0.1526479750778816
0 0.6524896265560166 0.3582554517133956 0.2157676348547718 0.14953271028037382
0 0.8682572614107884 0.3263239875389408 0.2095435684647303 0.16199376947040497
0 0.46473029045643155 0.40420560747663553 0.21161825726141079 0.14953271028037382
0 0.26348547717842324 0.4649532710280374 0.24273858921161826 0.1791277258566978
0 0.08609958506224066 0.5077881619937694 0.17219917012448133 0.19003115264797507
0 0.9159751037344398 0.3886292834890966 0.16390041493775934 0.2071651090342679
0 0.4979253112033195 0.4665109034267913 0.25311203319502074 0.16822429906542055
0 0.266597510373444 0.5116822429906542 0.26141078838174275 0.1853582554517134
0 0.745850622406639 0.43068535825545173 0.2821576763485477 0.18847352024922118
0 0.08921161825726141 0.5700934579439252 0.17842323651452283 0.1838006230529595
0 0.8454356846473029 0.5031152647975078 0.3049792531120332 0.2118380062305296
0 0.5715767634854771 0.5654205607476636 0.3215767634854772 0.22429906542056074
0 0.2883817427385892 0.6292834890965732 0.32987551867219916 0.2383177570093458
0 0.8910788381742739 0.6518691588785047 0.21369294605809128 0.3161993769470405
0 0.6815352697095436 0.7087227414330218 0.42323651452282157 0.3364485981308411
0 0.3184647302904564 0.8146417445482866 0.4190871369294606 0.31931464174454827