0 0.8111587982832618 0.27741935483870966 0.2982832618025751 0.21935483870967742
0 0.592274678111588 0.29838709677419356 0.30042918454935624 0.2161290322580645
0 0.13197424892703863 0.3032258064516129 0.22317596566523606 0.20967741935483872
0 0.8798283261802575 0.3741935483870968 0.23605150214592274 0.2645161290322581
0 0.3723175965665236 0.3629032258064516 0.3798283261802575 0.2806451612903226
0 0.6630901287553648 0.38629032258064516 0.3605150214592275 0.25483870967741934
0 0.1459227467811159 0.3911290322580645 0.2918454935622318 0.2661290322580645
0 0.7703862660944206 0.507258064516129 0.45493562231759654 0.3435483870967742
0 0.4388412017167382 0.5225806451612903 0.4613733905579399 0.3467741935483871
0 0.15021459227467812 0.5516129032258065 0.30042918454935624 0.3387096774193548
0 0.8272532188841202 0.6959677419354838 0.34120171673819744 0.4532258064516129
0 0.5128755364806867 0.7677419354838709 0.6094420600858369 0.4612903225806452
0 0.1813304721030043 0.7758064516129032 0.3626609442060086 0.4