0 0.11572052401746726 0.8803278688524591 0.09606986899563319 0.19672131147540983
0 0.5349344978165939 0.8885245901639345 0.3406113537117904 0.21967213114754097
0 0.259825327510917 0.8729508196721312 0.3799126637554585 0.25081967213114753
0 0.2663755458515284 0.769672131147541 0.38427947598253276 0.2721311475409836
0 0.5807860262008734 0.7639344262295082 0.39956331877729256 0.30327868852459017
0 0.09606986899563319 0.739344262295082 0.13973799126637554 0.2459016393442623
0 0.08078602620087336 0.6065573770491803 0.1615720524017467 0.25245901639344265
0 0.6353711790393013 0.6180327868852459 0.44541484716157204 0.319672131147541
0 0.29475982532751094 0.5967213114754099 0.4519650655021834 0.33278688524590166
0 0.712882096069869 0.38934426229508196 0.5698689956331878 0.4377049180327869
0 0.29366812227074235 0.369672131147541 0.5611353711790393 0.42295081967213116
0 0.08624454148471616 0.33524590163934426 0.17248908296943233 0.3557377049180328
0 0.7358078602620087 0.17950819672131146 0.44541484716157204 0.3590163934426229
0 0.3231441048034934 0.16475409836065574 0.6462882096069869 0.3295081967213115
0 0.13427947598253276 0.9278688524590164 0.09388646288209607 0.14098360655737704
0 0.27074235807860264 0.9319672131147541 0.29694323144104806 0.13278688524590163
0 0.5054585152838428 0.9270491803278689 0.28602620087336245 0.14262295081967213