0 0.27888583218707014 0.7165137614678899 0.19119669876203577 0.23302752293577983
0 0.12448418156808803 0.6568807339449542 0.2173314993122421 0.26605504587155965
0 0.43982118294360384 0.7490825688073395 0.17744154057771663 0.23853211009174313
0 0.6011004126547456 0.8022935779816514 0.18844566712517194 0.2467889908256881
0 0.7620357634112792 0.8536697247706422 0.1905089408528198 0.23761467889908258
0 0.11932599724896836 0.4646788990825688 0.23865199449793673 0.3146788990825688
0 0.2926409903713893 0.5041284403669725 0.24759284731774414 0.3165137614678899
0 0.469050894085282 0.5518348623853211 0.2221458046767538 0.2944954128440367
0 0.6509628610729024 0.6087155963302753 0.2407152682255846 0.3100917431192661
0 0.8328748280605227 0.6573394495412844 0.23177441540577717 0.318348623853211
0 0.31017881705639616 0.26605504587155965 0.25378266850068776 0.344954128440367
0 0.4972489683631362 0.3192660550458716 0.25240715268225583 0.3495412844036697
0 0.6966987620357634 0.3724770642201835 0.25722145804676755 0.3394495412844037