0 0.1608695652173913 0.8640065146579805 0.3217391304347826 0.26221498371335505
0 0.46956521739130436 0.8794788273615635 0.3652173913043478 0.23778501628664495
0 0.8043478260869565 0.8827361563517915 0.3173913043478261 0.23127035830618892
0 0.1641304347826087 0.6473941368078175 0.3282608695652174 0.3306188925081433
0 0.5130434782608696 0.6815960912052117 0.40869565217391307 0.2964169381107492
0 0.842391304347826 0.6921824104234527 0.30869565217391304 0.32247557003257327
0 0.5597826086956522 0.41205211726384366 0.48043478260869565 0.39087947882736157
0 0.17282608695652174 0.34283387622149836 0.34130434782608693 0.3566775244299674
0 0.1923913043478261 0.11400651465798045 0.35434782608695653 0.2280130293159609
0 0.5902173913043478 0.1237785016286645 0.5934782608695652 0.247557003257329
0 0.9260869565217391 0.1482084690553746 0.14347826086956522 0.23452768729641693