0 0.6228070175438597 0.21217105263157895 0.13596491228070176 0.10526315789473684
0 0.5153508771929824 0.23601973684210525 0.1513157894736842 0.1069078947368421
0 0.4057017543859649 0.2689144736842105 0.14912280701754385 0.11019736842105263
0 0.6798245614035088 0.27713815789473684 0.13596491228070176 0.10032894736842106
0 0.2774122807017544 0.3026315789473684 0.15570175438596492 0.1118421052631579
0 0.5614035087719298 0.3050986842105263 0.12938596491228072 0.10526315789473684
0 0.16776315789473684 0.33963815789473684 0.1425438596491228 0.11513157894736842
0 0.43969298245614036 0.3379934210526316 0.13815789473684212 0.1069078947368421
0 0.731359649122807 0.34539473684210525 0.15350877192982457 0.12171052631578948
0 0.3267543859649123 0.37664473684210525 0.14473684210526316 0.10855263157894737
0 0.6096491228070176 0.37993421052631576 0.1513157894736842 0.1069078947368421
0 0.20394736842105263 0.4120065789473684 0.1513157894736842 0.11842105263157894
0 0.4934210526315789 0.4152960526315789 0.14692982456140352 0.11842105263157894
0 0.7927631578947368 0.41694078947368424 0.15789473684210525 0.12171052631578948
0 0.3651315789473684 0.44819078947368424 0.15350877192982457 0.11677631578947369
0 0.6622807017543859 0.45148026315789475 0.16228070175438597 0.13157894736842105
0 0.23574561403508773 0.5 0.1425438596491228 0.11513157894736842
0 0.5339912280701754 0.49588815789473684 0.14912280701754385 0.11842105263157894
0 0.8596491228070176 0.5041118421052632 0.17763157894736842 0.13157894736842105
0 0.40460526315789475 0.5411184210526315 0.1600877192982456 0.11677631578947369
0 0.7236842105263158 0.5444078947368421 0.16885964912280702 0.1299342105263158
0 0.2675438596491228 0.5764802631578947 0.16228070175438597 0.12335526315789473
0 0.5932017543859649 0.5879934210526315 0.16666666666666666 0.13486842105263158
0 0.9254385964912281 0.6036184210526315 0.1425438596491228 0.13486842105263158
0 0.44956140350877194 0.6365131578947368 0.16228070175438597 0.1299342105263158
0 0.7949561403508771 0.647203947368421 0.17543859649122806 0.13486842105263158
0 0.3026315789473684 0.6735197368421053 0.16447368421052633 0.13157894736842105
0 0.6447368421052632 0.6932565789473685 0.18421052631578946 0.14967105263157895
0 0.5021929824561403 0.7335526315789473 0.18201754385964913 0.14967105263157895
0 0.34868421052631576 0.790296052631579 0.18421052631578946 0.14309210526315788