0 0.6553191489361702 0.6932907348242812 0.11914893617021277 0.08466453674121406
0 0.5585106382978723 0.6805111821086262 0.11914893617021277 0.08945686900958466
0 0.4574468085106383 0.6645367412140575 0.12127659574468085 0.09904153354632587
0 0.3553191489361702 0.6485623003194888 0.125531914893617 0.09584664536741214
0 0.26595744680851063 0.6325878594249201 0.11702127659574468 0.08626198083067092
0 0.6840425531914893 0.6285942492012779 0.1276595744680851 0.0926517571884984
0 0.5797872340425532 0.6134185303514377 0.1276595744680851 0.0926517571884984
0 0.4776595744680851 0.6014376996805112 0.13191489361702127 0.08626198083067092
0 0.3829787234042553 0.5830670926517572 0.11914893617021277 0.08945686900958466
0 0.2691489361702128 0.5678913738019169 0.1276595744680851 0.09105431309904154
0 0.7159574468085106 0.5630990415335463 0.13191489361702127 0.09424920127795527
0 0.6085106382978723 0.549520766773163 0.125531914893617 0.09584664536741214
0 0.502127659574468 0.5359424920127795 0.12340425531914893 0.09584664536741214
0 0.39680851063829786 0.5143769968051118 0.13404255319148936 0.10223642172523961
0 0.29148936170212764 0.5 0.1276595744680851 0.09904153354632587
0 0.747872340425532 0.4952076677316294 0.12340425531914893 0.09105431309904154
0 0.6414893617021277 0.4744408945686901 0.13404255319148936 0.10223642172523961
0 0.5276595744680851 0.45686900958466453 0.125531914893617 0.10223642172523961
0 0.41808510638297874 0.4520766773162939 0.11702127659574468 0.10223642172523961
0 0.30638297872340425 0.426517571884984 0.12978723404255318 0.09584664536741214
0 0.7829787234042553 0.4169329073482428 0.13191489361702127 0.10063897763578275
0 0.6712765957446809 0.402555910543131 0.12978723404255318 0.10383386581469649
0 0.5595744680851064 0.38498402555910544 0.13829787234042554 0.11501597444089456
0 0.43936170212765957 0.36261980830670926 0.13829787234042554 0.1134185303514377
0 0.32872340425531915 0.34345047923322686 0.1425531914893617 0.10063897763578275
0 0.8287234042553191 0.33706070287539935 0.1425531914893617 0.11022364217252396
0 0.7 0.3218849840255591 0.14042553191489363 0.11501597444089456
0 0.5946808510638298 0.2963258785942492 0.1574468085106383 0.1134185303514377
0 0.46382978723404256 0.2787539936102236 0.13829787234042554 0.10862619808306709
0 0.34574468085106386 0.2523961661341853 0.1425531914893617 0.10063897763578275