0 0.37896825396825395 0.27827380952380953 0.16071428571428573 0.12053571428571429
0 0.4791666666666667 0.2924107142857143 0.17261904761904762 0.125
0 0.5813492063492064 0.31473214285714285 0.17261904761904762 0.12797619047619047
0 0.3373015873015873 0.3400297619047619 0.15674603174603174 0.11607142857142858
0 0.7003968253968254 0.33556547619047616 0.1765873015873016 0.13095238095238096
0 0.44543650793650796 0.35714285714285715 0.15476190476190477 0.12053571428571429
0 0.8045634920634921 0.3601190476190476 0.16865079365079366 0.1324404761904762
0 0.5595238095238095 0.37797619047619047 0.1626984126984127 0.125
0 0.2976190476190476 0.40625 0.18055555555555555 0.13839285714285715
0 0.6666666666666666 0.4055059523809524 0.16666666666666666 0.125
0 0.4117063492063492 0.42857142857142855 0.17261904761904762 0.12648809523809523
0 0.7817460317460317 0.42857142857142855 0.1765873015873016 0.13690476190476192
0 0.5218253968253969 0.45163690476190477 0.17261904761904762 0.13392857142857142
0 0.251984126984127 0.4739583333333333 0.18452380952380953 0.13988095238095238
0 0.6398809523809523 0.4724702380952381 0.1765873015873016 0.13541666666666666
0 0.3740079365079365 0.4962797619047619 0.19047619047619047 0.15029761904761904
0 0.7638888888888888 0.5104166666666666 0.16666666666666666 0.13095238095238096
0 0.49503968253968256 0.5260416666666666 0.1746031746031746 0.13541666666666666
0 0.20238095238095238 0.5580357142857143 0.20634920634920634 0.15178571428571427
0 0.6170634920634921 0.5595238095238095 0.18452380952380953 0.13690476190476192
0 0.33035714285714285 0.5833333333333334 0.19642857142857142 0.15029761904761904
0 0.7450396825396826 0.5811011904761905 0.1884920634920635 0.14285714285714285
0 0.45337301587301587 0.6138392857142857 0.19642857142857142 0.15327380952380953
0 0.13988095238095238 0.6532738095238095 0.20634920634920634 0.15476190476190477
0 0.5892857142857143 0.6480654761904762 0.19047619047619047 0.1488095238095238
0 0.2787698412698413 0.6815476190476191 0.20436507936507936 0.15476190476190477
0 0.7242063492063492 0.6703869047619048 0.19444444444444445 0.15029761904761904
0 0.41964285714285715 0.7127976190476191 0.21825396825396826 0.17113095238095238
0 0.5545634920634921 0.7388392857142857 0.2123015873015873 0.16815476190476192
0 0.6984126984126984 0.7790178571428571 0.21428571428571427 0.1636904761904762