0 0.39602803738317754 0.22377622377622378 0.16355140186915887 0.13636363636363635
0 0.5315420560747663 0.2561188811188811 0.18457943925233644 0.14335664335664336
0 0.6728971962616822 0.2972027972027972 0.205607476635514 0.13636363636363635
0 0.31542056074766356 0.3006993006993007 0.17990654205607476 0.1451048951048951
0 0.8212616822429907 0.34440559440559443 0.18691588785046728 0.1381118881118881
0 0.4649532710280374 0.34527972027972026 0.1658878504672897 0.11888111888111888
0 0.9334112149532711 0.3986013986013986 0.12383177570093458 0.12412587412587413
0 0.6179906542056075 0.38286713286713286 0.20093457943925233 0.14160839160839161
0 0.2336448598130841 0.38723776223776224 0.2102803738317757 0.1451048951048951
0 0.772196261682243 0.4379370629370629 0.18925233644859812 0.14335664335664336
0 0.3925233644859813 0.42832167832167833 0.20794392523364486 0.1590909090909091
0 0.9135514018691588 0.4938811188811189 0.16822429906542055 0.1520979020979021
0 0.5478971962616822 0.479020979020979 0.21261682242990654 0.16433566433566432
0 0.14719626168224298 0.479020979020979 0.205607476635514 0.1590909090909091
0 0.7126168224299065 0.5393356643356644 0.2336448598130841 0.16783216783216784
0 0.29789719626168226 0.5305944055944056 0.21962616822429906 0.14685314685314685
0 0.8808411214953271 0.5926573426573427 0.2336448598130841 0.16783216783216784
0 0.47546728971962615 0.5891608391608392 0.21962616822429906 0.16083916083916083
0 0.07827102803738317 0.583916083916084 0.15186915887850466 0.16258741258741258
0 0.647196261682243 0.6416083916083916 0.2383177570093458 0.18181818181818182
0 0.20327102803738317 0.6477272727272727 0.21962616822429906 0.16783216783216784
0 0.8329439252336449 0.7106643356643356 0.2523364485981308 0.18006993006993008
0 0.3901869158878505 0.7036713286713286 0.24532710280373832 0.1888111888111888
0 0.02570093457943925 0.7115384615384616 0.037383177570093455 0.1993006993006993
0 0.5700934579439252 0.7727272727272727 0.24065420560747663 0.17482517482517482
0 0.11799065420560748 0.7762237762237763 0.21495327102803738 0.20804195804195805
0 0.7675233644859814 0.8479020979020979 0.2546728971962617 0.1958041958041958
0 0.27453271028037385 0.8557692307692307 0.26401869158878505 0.2062937062937063
0 0.49065420560747663 0.9125874125874126 0.2570093457943925 0.17132867132867133
0 0.6997663551401869 0.9527972027972028 0.26869158878504673 0.08741258741258741