0 0.2751004016064257 0.22364457831325302 0.26305220883534136 0.19126506024096385
0 0.4678714859437751 0.2816265060240964 0.26706827309236947 0.1897590361445783
0 0.893574297188755 0.3757530120481928 0.20883534136546184 0.19728915662650603
0 0.1566265060240964 0.29593373493975905 0.25502008032128515 0.23042168674698796
0 0.6445783132530121 0.3802710843373494 0.3373493975903614 0.2469879518072289
0 0.3755020080321285 0.34789156626506024 0.3192771084337349 0.22439759036144577
0 0.858433734939759 0.45180722891566266 0.2791164658634538 0.24397590361445784
0 0.2289156626506024 0.4352409638554217 0.41967871485943775 0.30120481927710846
0 0.5341365461847389 0.5112951807228916 0.40763052208835343 0.3057228915662651
0 0.8273092369477911 0.5971385542168675 0.3413654618473896 0.3057228915662651
0 0.13453815261044177 0.5971385542168675 0.26907630522088355 0.4141566265060241
0 0.38353413654618473 0.7289156626506024 0.536144578313253 0.42771084337349397
0 0.7329317269076305 0.8109939759036144 0.43775100401606426 0.375