0 0.21226415094339623 0.19549266247379454 0.1320754716981132 0.18867924528301888
0 0.09630503144654089 0.2431865828092243 0.125 0.149895178197065
0 0.24803459119496854 0.28773584905660377 0.14072327044025157 0.1960167714884696
0 0.1324685534591195 0.3359538784067086 0.1470125786163522 0.16876310272536688
0 0.3922955974842767 0.3390985324947589 0.15487421383647798 0.1928721174004193
0 0.2897012578616352 0.3862683438155136 0.1430817610062893 0.1949685534591195
0 0.16823899371069181 0.449685534591195 0.15644654088050314 0.18134171907756813
0 0.43907232704402516 0.44863731656184486 0.16745283018867924 0.2148846960167715
0 0.3290094339622642 0.5167714884696016 0.16037735849056603 0.2169811320754717
0 0.2055817610062893 0.5807127882599581 0.1792452830188679 0.22641509433962265
0 0.4968553459119497 0.5733752620545073 0.17059748427672955 0.2379454926624738
0 0.37735849056603776 0.6441299790356394 0.17452830188679244 0.22641509433962265
0 0.24882075471698112 0.7327044025157232 0.17374213836477986 0.2389937106918239
0 0.43907232704402516 0.8039832285115304 0.20125786163522014 0.259958071278826
0 0.29874213836477986 0.8752620545073375 0.20754716981132076 0.24737945492662475