0 0.651 0.34655688622754494 0.116 0.08383233532934131
0 0.559 0.35254491017964074 0.118 0.08832335329341318
0 0.463 0.36077844311377244 0.12 0.09730538922155689
0 0.365 0.36976047904191617 0.124 0.09431137724550898
0 0.28 0.3787425149700599 0.116 0.08532934131736528
0 0.671 0.4086826347305389 0.126 0.09131736526946108
0 0.571 0.4161676646706587 0.126 0.09131736526946108
0 0.474 0.4214071856287425 0.13 0.08532934131736528
0 0.384 0.43263473053892215 0.118 0.08832335329341318
0 0.276 0.4393712574850299 0.126 0.08982035928143713
0 0.693 0.47155688622754494 0.13 0.09281437125748503
0 0.591 0.47754491017964074 0.124 0.09431137724550898
0 0.49 0.48353293413173654 0.122 0.09431137724550898
0 0.389 0.49700598802395207 0.132 0.10029940119760479
0 0.289 0.5044910179640718 0.126 0.09730538922155689
0 0.716 0.5366766467065869 0.122 0.08982035928143713
0 0.614 0.5494011976047904 0.132 0.10029940119760479
0 0.506 0.5591317365269461 0.124 0.10029940119760479
0 0.402 0.5568862275449101 0.116 0.10029940119760479
0 0.295 0.5741017964071856 0.128 0.09431137724550898
0 0.74 0.6122754491017964 0.13 0.09880239520958084
0 0.634 0.6190119760479041 0.128 0.10179640718562874
0 0.527 0.6279940119760479 0.138 0.1122754491017964
0 0.413 0.6414670658682635 0.138 0.11077844311377245
0 0.307 0.6526946107784432 0.14 0.09880239520958084
0 0.774 0.6893712574850299 0.142 0.10778443113772455
0 0.652 0.6953592814371258 0.14 0.1122754491017964
0 0.551 0.7133233532934131 0.156 0.1122754491017964
0 0.426 0.7215568862275449 0.138 0.1062874251497006
0 0.313 0.7387724550898204 0.14 0.09880239520958084