0 0.9017857142857143 0.1552013422818792 0.19196428571428573 0.2902684563758389
0 0.6785714285714286 0.11325503355704698 0.3794642857142857 0.22483221476510068
0 0.33370535714285715 0.09563758389261745 0.421875 0.1912751677852349
0 0.5859375 0.2676174496644295 0.484375 0.36577181208053694
0 0.8537946428571429 0.348993288590604 0.28794642857142855 0.3724832214765101
0 0.22767857142857142 0.2080536912751678 0.44419642857142855 0.37583892617449666
0 0.15290178571428573 0.40939597315436244 0.30580357142857145 0.44966442953020136
0 0.4140625 0.5167785234899329 0.5870535714285714 0.44966442953020136
0 0.7991071428571429 0.6359060402684564 0.39732142857142855 0.4463087248322148
0 0.9263392857142857 0.08053691275167785 0.14285714285714285 0.14093959731543623
0 0.7299107142857143 0.04697986577181208 0.3549107142857143 0.087248322147651
0 0.43080357142857145 0.02181208053691275 0.35714285714285715 0.0436241610738255
0 0.3002232142857143 0.7978187919463087 0.6004464285714286 0.401006711409396