0 0.323482428115016 0.9600213219616205 0.15495207667731628 0.07782515991471216
0 0.5922523961661342 0.9243070362473348 0.16853035143769968 0.14925373134328357
0 0.7228434504792333 0.8955223880597015 0.16693290734824281 0.15458422174840086
0 0.8678115015974441 0.8662046908315565 0.17971246006389777 0.1535181236673774
0 0.454073482428115 0.9360341151385928 0.15575079872204473 0.1257995735607676
0 0.29273162939297126 0.8720682302771855 0.17971246006389777 0.2281449893390192
0 0.15615015974440893 0.8896588486140725 0.17492012779552715 0.21855010660980811
0 0.5746805111821086 0.8128997867803838 0.17971246006389777 0.22388059701492538
0 0.43170926517571884 0.8347547974413646 0.17492012779552715 0.23134328358208955
0 0.8722044728434505 0.746268656716418 0.19488817891373802 0.25692963752665243
0 0.7164536741214057 0.7665245202558635 0.18929712460063897 0.2537313432835821
0 0.25878594249201275 0.7014925373134329 0.18849840255591055 0.24946695095948826
0 0.3953674121405751 0.662046908315565 0.18370607028753994 0.2515991471215352
0 0.5503194888178914 0.6311300639658849 0.19169329073482427 0.24520255863539445
0 0.18091054313099042 0.9744136460554371 0.16373801916932906 0.04904051172707889