0 0.6443514644351465 0.7335423197492164 0.1401673640167364 0.12225705329153605
0 0.5052301255230126 0.7217868338557993 0.15271966527196654 0.12225705329153605
0 0.3713389121338912 0.713166144200627 0.1401673640167364 0.11285266457680251
0 0.22489539748953974 0.6849529780564263 0.13389121338912133 0.11598746081504702
0 0.09623430962343096 0.6630094043887147 0.15481171548117154 0.10658307210031348
0 0.6903765690376569 0.6606583072100314 0.16108786610878661 0.1238244514106583
0 0.5428870292887029 0.6426332288401254 0.14853556485355648 0.109717868338558
0 0.39330543933054396 0.6261755485893417 0.16108786610878661 0.109717868338558
0 0.2510460251046025 0.5995297805642633 0.1589958158995816 0.11598746081504702
0 0.10251046025104603 0.5799373040752351 0.17573221757322174 0.11128526645768025
0 0.7353556485355649 0.5681818181818182 0.16317991631799164 0.12225705329153605
0 0.5763598326359832 0.5556426332288401 0.16108786610878661 0.12539184952978055
0 0.4299163179916318 0.5329153605015674 0.16317991631799164 0.13009404388714735
0 0.2688284518828452 0.512539184952978 0.17154811715481172 0.12695924764890282
0 0.10355648535564854 0.48589341692789967 0.18619246861924685 0.13322884012539185
0 0.7855648535564853 0.47648902821316613 0.17782426778242677 0.13636363636363635
0 0.6265690376569037 0.4506269592476489 0.1799163179916318 0.13479623824451412
0 0.4571129707112971 0.42398119122257055 0.1799163179916318 0.13793103448275862
0 0.2834728033472803 0.40830721003134796 0.19456066945606695 0.15830721003134796
0 0.1108786610878661 0.3730407523510972 0.19246861924686193 0.14733542319749215
0 0.8514644351464435 0.3605015673981191 0.200836820083682 0.15517241379310345
0 0.6861924686192469 0.33699059561128525 0.20502092050209206 0.15203761755485892
0 0.5 0.30956112852664575 0.2112970711297071 0.15987460815047022
0 0.3158995815899582 0.2774294670846395 0.21548117154811716 0.164576802507837
0 0.1307531380753138 0.24608150470219436 0.2301255230125523 0.1724137931034483
0 0.9100418410041841 0.2280564263322884 0.17573221757322174 0.17711598746081506
0 0.7395397489539749 0.19592476489028213 0.2217573221757322 0.18495297805642633
0 0.5543933054393305 0.15830721003134796 0.23430962343096234 0.19435736677115986
0 0.3389121338912134 0.12774294670846395 0.2280334728033473 0.18495297805642633
0 0.14330543933054393 0.09012539184952978 0.23221757322175732 0.18025078369905956