0 0.3575757575757576 0.839041095890411 0.12575757575757576 0.20319634703196346
0 0.6090909090909091 0.7614155251141552 0.1590909090909091 0.20776255707762556
0 0.2515151515151515 0.8595890410958904 0.12727272727272726 0.1780821917808219
0 0.43333333333333335 0.776255707762557 0.13484848484848486 0.2146118721461187
0 0.6916666666666667 0.6746575342465754 0.1393939393939394 0.228310502283105
0 0.5151515151515151 0.7168949771689498 0.11363636363636363 0.2009132420091324
0 0.2803030303030303 0.730593607305936 0.1393939393939394 0.20319634703196346
0 0.175 0.7134703196347032 0.15757575757575756 0.2237442922374429
0 0.4462121212121212 0.6221461187214612 0.12424242424242424 0.2054794520547945
0 0.7075757575757575 0.5228310502283106 0.11818181818181818 0.1735159817351598
0 0.6083333333333333 0.521689497716895 0.12878787878787878 0.271689497716895
0 0.26515151515151514 0.6221461187214612 0.1409090909090909 0.182648401826484
0 0.5181818181818182 0.5422374429223744 0.11515151515151516 0.21232876712328766
0 0.3659090909090909 0.5308219178082192 0.12575757575757576 0.2191780821917808
0 0.08181818181818182 0.5844748858447488 0.1393939393939394 0.1917808219178082
0 0.18257575757575759 0.5525114155251142 0.14393939393939395 0.18949771689497716
0 0.44166666666666665 0.4680365296803653 0.12424242424242424 0.18949771689497716
0 0.275 0.5068493150684932 0.12121212121212122 0.19406392694063926
0 0.6590909090909091 0.3801369863013699 0.13787878787878788 0.18949771689497716
0 0.5174242424242425 0.3995433789954338 0.14696969696969697 0.2100456621004566
0 0.3893939393939394 0.3641552511415525 0.15454545454545454 0.2808219178082192
0 0.10909090909090909 0.432648401826484 0.13484848484848486 0.2191780821917808
0 0.2878787878787879 0.3573059360730594 0.15303030303030302 0.2762557077625571
0 0.1893939393939394 0.3858447488584475 0.14696969696969697 0.2328767123287671
0 0.49242424242424243 0.2785388127853881 0.15 0.2146118721461187
0 0.5886363636363636 0.19292237442922375 0.15757575757575756 0.2625570776255708
0 0.7295454545454545 0.10730593607305935 0.1590909090909091 0.2146118721461187
0 0.32651515151515154 0.1963470319634703 0.13787878787878788 0.24429223744292236
0 0.4128787878787879 0.1495433789954338 0.15151515151515152 0.2625570776255708
0 0.225 0.18378995433789955 0.15454545454545454 0.2465753424657534
0 0.65 0.8904109589041096 0.15606060606060607 0.182648401826484
0 0.453030303030303 0.9155251141552512 0.1303030303030303 0.1643835616438356
0 0.5446969696969697 0.8721461187214612 0.1303030303030303 0.1917808219178082