0 0.6298449612403101 0.32215743440233235 0.13565891472868216 0.09620991253644315
0 0.5465116279069767 0.3491253644314869 0.13178294573643412 0.10787172011661808
0 0.6976744186046512 0.37900874635568516 0.1375968992248062 0.10204081632653061
0 0.4496124031007752 0.38994169096209913 0.12790697674418605 0.09329446064139942
0 0.7674418604651163 0.4329446064139942 0.13953488372093023 0.10349854227405247
0 0.6162790697674418 0.4139941690962099 0.15310077519379844 0.09912536443148688
0 0.3691860465116279 0.42201166180758015 0.14728682170542637 0.10932944606413994
0 0.5271317829457365 0.446064139941691 0.14147286821705427 0.10058309037900874
0 0.6957364341085271 0.47011661807580174 0.13372093023255813 0.09620991253644315
0 0.8507751937984496 0.5014577259475219 0.14147286821705427 0.10495626822157435
0 0.2567829457364341 0.46282798833819244 0.15310077519379844 0.10787172011661808
0 0.42926356589147285 0.4897959183673469 0.15503875968992248 0.11078717201166181
0 0.6075581395348837 0.5167638483965015 0.14728682170542637 0.11078717201166181
0 0.7742248062015504 0.5400874635568513 0.14147286821705427 0.10787172011661808
0 0.9321705426356589 0.5663265306122449 0.1298449612403101 0.09329446064139942
0 0.13953488372093023 0.5036443148688047 0.17248062015503876 0.12244897959183673
0 0.32751937984496127 0.532069970845481 0.1569767441860465 0.11370262390670553
0 0.6821705426356589 0.5874635568513119 0.14922480620155038 0.11078717201166181
0 0.5145348837209303 0.5670553935860059 0.15310077519379844 0.1151603498542274
0 0.8517441860465116 0.6137026239067055 0.14728682170542637 0.10932944606413994
0 0.20833333333333334 0.5823615160349854 0.17635658914728683 0.1282798833819242
0 0.5968992248062015 0.6362973760932945 0.16666666666666666 0.1239067055393586
0 0.4060077519379845 0.6122448979591837 0.16279069767441862 0.12682215743440234
0 0.7684108527131783 0.6647230320699709 0.16085271317829458 0.119533527696793
0 0.28391472868217055 0.6654518950437318 0.19186046511627908 0.1326530612244898
0 0.4844961240310077 0.6931486880466472 0.16472868217054262 0.13411078717201166
0 0.6812015503875969 0.7215743440233237 0.17248062015503876 0.12973760932944606
0 0.5726744186046512 0.7857142857142857 0.18604651162790697 0.13848396501457727
0 0.36724806201550386 0.7602040816326531 0.18023255813953487 0.13411078717201166
0 0.45445736434108525 0.8556851311953353 0.18023255813953487 0.1457725947521866