0 0.7464285714285714 0.14375 0.1523809523809524 0.125
0 0.6190476190476191 0.14821428571428572 0.18095238095238095 0.1392857142857143
0 0.475 0.16517857142857142 0.1738095238095238 0.1357142857142857
0 0.7869047619047619 0.21696428571428572 0.17857142857142858 0.13392857142857142
0 0.3392857142857143 0.18392857142857144 0.16904761904761906 0.12678571428571428
0 0.6357142857142857 0.24196428571428572 0.16904761904761906 0.13035714285714287
0 0.1976190476190476 0.2080357142857143 0.1738095238095238 0.14107142857142857
0 0.5047619047619047 0.2571428571428571 0.1619047619047619 0.13035714285714287
0 0.8297619047619048 0.3 0.1738095238095238 0.13035714285714287
0 0.3595238095238095 0.28035714285714286 0.17857142857142858 0.1357142857142857
0 0.6785714285714286 0.32410714285714287 0.1738095238095238 0.14642857142857144
0 0.2154761904761905 0.2982142857142857 0.17857142857142858 0.13392857142857142
0 0.5321428571428571 0.34732142857142856 0.18333333333333332 0.15
0 0.8821428571428571 0.3919642857142857 0.1880952380952381 0.14285714285714285
0 0.3892857142857143 0.36964285714285716 0.1738095238095238 0.14285714285714285
0 0.7226190476190476 0.41696428571428573 0.19285714285714287 0.1732142857142857
0 0.225 0.39553571428571427 0.16904761904761906 0.125
0 0.569047619047619 0.44642857142857145 0.17857142857142858 0.14285714285714285
0 0.9202380952380952 0.5 0.15476190476190477 0.13214285714285715
0 0.40595238095238095 0.47232142857142856 0.2 0.14642857142857144
0 0.7666666666666667 0.525 0.16666666666666666 0.12857142857142856
0 0.24761904761904763 0.49375 0.1880952380952381 0.14107142857142857
0 0.6059523809523809 0.5491071428571429 0.18571428571428572 0.13214285714285715
0 0.9488095238095238 0.6178571428571429 0.0880952380952381 0.13392857142857142
0 0.43452380952380953 0.5821428571428572 0.1738095238095238 0.12678571428571428
0 0.8261904761904761 0.6473214285714286 0.1738095238095238 0.1375
0 0.2714285714285714 0.6080357142857142 0.18571428571428572 0.1357142857142857
0 0.6428571428571429 0.6830357142857143 0.17857142857142858 0.1392857142857143
0 0.47023809523809523 0.7017857142857142 0.18571428571428572 0.15357142857142858
0 0.2833333333333333 0.7392857142857143 0.1738095238095238 0.14821428571428572