0 0.6680161943319838 0.31021341463414637 0.2793522267206478 0.1798780487804878
0 0.4291497975708502 0.29573170731707316 0.2631578947368421 0.18445121951219512
0 0.8906882591093117 0.33003048780487804 0.2145748987854251 0.18140243902439024
0 0.17408906882591094 0.29801829268292684 0.2894736842105263 0.2073170731707317
0 0.888663967611336 0.39253048780487804 0.21862348178137653 0.2545731707317073
0 0.6912955465587044 0.4032012195121951 0.3319838056680162 0.22103658536585366
0 0.16093117408906882 0.3864329268292683 0.32186234817813764 0.26371951219512196
0 0.37955465587044535 0.4024390243902439 0.37044534412955465 0.26371951219512196
0 0.7125506072874493 0.5152439024390244 0.44534412955465585 0.29878048780487804
0 0.9129554655870445 0.5342987804878049 0.1700404858299595 0.26371951219512196
0 0.34615384615384615 0.5053353658536586 0.4291497975708502 0.28810975609756095
0 0.1214574898785425 0.5083841463414634 0.242914979757085 0.30335365853658536
0 0.701417004048583 0.7461890243902439 0.5688259109311741 0.4847560975609756
0 0.29048582995951416 0.7317073170731707 0.5809716599190283 0.4725609756097561