0 0.42084942084942084 0.7579710144927536 0.12548262548262548 0.09420289855072464
0 0.5299227799227799 0.7326086956521739 0.12934362934362933 0.1072463768115942
0 0.3590733590733591 0.6942028985507246 0.13706563706563707 0.10144927536231885
0 0.665057915057915 0.6985507246376812 0.14671814671814673 0.1072463768115942
0 0.4777992277992278 0.6601449275362319 0.138996138996139 0.09855072463768116
0 0.7799227799227799 0.6608695652173913 0.14285714285714285 0.10289855072463767
0 0.2905405405405405 0.6210144927536232 0.14478764478764478 0.12028985507246377
0 0.6032818532818532 0.6239130434782608 0.14671814671814673 0.12173913043478261
0 0.915057915057915 0.6159420289855072 0.1525096525096525 0.10289855072463767
0 0.416988416988417 0.5826086956521739 0.14285714285714285 0.10869565217391304
0 0.7316602316602316 0.5753623188405798 0.138996138996139 0.11014492753623188
0 0.2133204633204633 0.5420289855072464 0.1525096525096525 0.11594202898550725
0 0.5463320463320464 0.5391304347826087 0.1583011583011583 0.11739130434782609
0 0.8696911196911197 0.5333333333333333 0.15444015444015444 0.11594202898550725
0 0.35231660231660233 0.5036231884057971 0.15444015444015444 0.12753623188405797
0 0.6766409266409267 0.4920289855072464 0.16023166023166024 0.12173913043478261
0 0.1303088803088803 0.4449275362318841 0.17953667953667954 0.12318840579710146
0 0.48359073359073357 0.44420289855072465 0.15444015444015444 0.12028985507246377
0 0.8252895752895753 0.43623188405797103 0.15637065637065636 0.11884057971014493
0 0.2750965250965251 0.3992753623188406 0.16602316602316602 0.1246376811594203
0 0.6332046332046332 0.39492753623188404 0.17953667953667954 0.1246376811594203
0 0.416023166023166 0.34855072463768116 0.17374517374517376 0.1391304347826087
0 0.7741312741312741 0.3463768115942029 0.1776061776061776 0.13333333333333333
0 0.18725868725868725 0.29057971014492756 0.17953667953667954 0.14202898550724638
0 0.5772200772200772 0.2891304347826087 0.18146718146718147 0.13623188405797101
0 0.7335907335907336 0.23768115942028986 0.1833976833976834 0.14202898550724638
0 0.3407335907335907 0.22536231884057972 0.20077220077220076 0.14202898550724638
0 0.5019305019305019 0.17246376811594202 0.17567567567567569 0.15797101449275364
0 0.6718146718146718 0.10217391304347827 0.20270270270270271 0.15507246376811595