0 0.6743697478991597 0.8832807570977917 0.38235294117647056 0.2302839116719243
0 0.3581932773109244 0.8351735015772871 0.34663865546218486 0.24132492113564669
0 0.11554621848739496 0.7681388012618297 0.23109243697478993 0.29652996845425866
0 0.3918067226890756 0.6593059936908517 0.4411764705882353 0.33280757097791797
0 0.7489495798319328 0.7208201892744479 0.4495798319327731 0.3391167192429022
0 0.1323529411764706 0.5859621451104101 0.2647058823529412 0.33280757097791797
0 0.1323529411764706 0.37933753943217663 0.2647058823529412 0.4022082018927445
0 0.40861344537815125 0.39589905362776023 0.5336134453781513 0.4085173501577287
0 0.8046218487394958 0.45425867507886436 0.3865546218487395 0.4069400630914827
0 0.6386554621848739 0.9511041009463722 0.3487394957983193 0.0946372239747634
0 0.34138655462184875 0.9219242902208202 0.32142857142857145 0.1529968454258675
0 0.11239495798319328 0.8675078864353313 0.22478991596638656 0.17665615141955837
0 0.44537815126050423 0.14274447949526814 0.6428571428571429 0.2854889589905363