0 0.7268145161290323 0.2946969696969697 0.19153225806451613 0.14242424242424243
0 0.5715725806451613 0.3196969696969697 0.19153225806451613 0.12878787878787878
0 0.4092741935483871 0.3378787878787879 0.19153225806451613 0.12878787878787878
0 0.24193548387096775 0.3643939393939394 0.1774193548387097 0.11666666666666667
0 0.24193548387096775 0.36893939393939396 0.16532258064516128 0.11818181818181818
0 0.09173387096774194 0.4113636363636364 0.17338709677419356 0.12727272727272726
0 0.7752016129032258 0.36287878787878786 0.20967741935483872 0.14242424242424243
0 0.42338709677419356 0.41515151515151516 0.20161290322580644 0.12727272727272726
0 0.5977822580645161 0.40075757575757576 0.1975806451612903 0.13787878787878788
0 0.2530241935483871 0.4583333333333333 0.19556451612903225 0.12878787878787878
0 0.08669354838709678 0.5007575757575757 0.17338709677419356 0.14696969696969697
0 0.6471774193548387 0.4765151515151515 0.2217741935483871 0.15303030303030302
0 0.8629032258064516 0.4553030303030303 0.2157258064516129 0.15151515151515152
0 0.4435483870967742 0.5143939393939394 0.2217741935483871 0.15757575757575756
0 0.2530241935483871 0.5477272727272727 0.20161290322580644 0.12121212121212122
0 0.0846774193548387 0.5893939393939394 0.16733870967741934 0.16363636363636364
0 0.8951612903225806 0.5575757575757576 0.2056451612903226 0.2
0 0.7157258064516129 0.603030303030303 0.2560483870967742 0.19393939393939394
0 0.4808467741935484 0.6401515151515151 0.2762096774193548 0.21212121212121213
0 0.2620967741935484 0.6734848484848485 0.2701612903225806 0.22727272727272727
0 0.09979838709677419 0.7113636363636363 0.1592741935483871 0.20606060606060606
0 0.9324596774193549 0.7143939393939394 0.1310483870967742 0.23787878787878788
0 0.7893145161290323 0.7522727272727273 0.2842741935483871 0.22575757575757577
0 0.5221774193548387 0.803030303030303 0.30443548387096775 0.2515151515151515
0 0.2691532258064516 0.8477272727272728 0.3024193548387097 0.24545454545454545
0 0.8467741935483871 0.8954545454545455 0.3024193548387097 0.17575757575757575
0 0.5685483870967742 0.9295454545454546 0.3588709677419355 0.13787878787878788
0 0.25705645161290325 0.9583333333333334 0.3528225806451613 0.0803030303030303