0 0.6766467065868264 0.669683257918552 0.13023952095808383 0.21040723981900453
0 0.42889221556886226 0.752262443438914 0.16167664670658682 0.21266968325791855
0 0.7776946107784432 0.6233031674208145 0.13023952095808383 0.1832579185520362
0 0.5913173652694611 0.6583710407239819 0.13922155688622753 0.21945701357466063
0 0.3315868263473054 0.7239819004524887 0.1437125748502994 0.23529411764705882
0 0.5014970059880239 0.6549773755656109 0.11826347305389222 0.20588235294117646
0 0.7170658682634731 0.5248868778280543 0.14221556886227546 0.2081447963800905
0 0.8083832335329342 0.4445701357466063 0.16167664670658682 0.23076923076923078
0 0.5389221556886228 0.5260180995475113 0.12724550898203593 0.21040723981900453
0 0.27619760479041916 0.5961538461538461 0.12125748502994012 0.17873303167420815
0 0.36601796407185627 0.5350678733031674 0.13323353293413173 0.27828054298642535
0 0.7013473053892215 0.417420814479638 0.14520958083832336 0.19004524886877827
0 0.4528443113772455 0.498868778280543 0.11976047904191617 0.2171945701357466
0 0.5875748502994012 0.3947963800904977 0.13023952095808383 0.2239819004524887
0 0.8570359281437125 0.27149321266968324 0.1437125748502994 0.19683257918552036
0 0.7582335329341318 0.3031674208144796 0.1467065868263473 0.19457013574660634
0 0.5022455089820359 0.38574660633484165 0.12724550898203593 0.19683257918552036
0 0.6624251497005988 0.3190045248868778 0.12574850299401197 0.19909502262443438
0 0.28218562874251496 0.43778280542986425 0.14221556886227546 0.19683257918552036
0 0.41467065868263475 0.36877828054298645 0.15119760479041916 0.2171945701357466
0 0.5209580838323353 0.25904977375565613 0.15868263473053892 0.2873303167420814
0 0.7919161676646707 0.1515837104072398 0.13922155688622753 0.2239819004524887
0 0.6107784431137725 0.19117647058823528 0.15718562874251496 0.28054298642533937
0 0.7073353293413174 0.15610859728506787 0.15119760479041916 0.2398190045248869
0 0.405688622754491 0.24434389140271492 0.15419161676646706 0.22171945701357465
0 0.2964071856287425 0.2251131221719457 0.1631736526946108 0.2669683257918552
0 0.13997005988023953 0.21153846153846154 0.16167664670658682 0.2647058823529412
0 0.5351796407185628 0.09728506787330317 0.14221556886227546 0.19457013574660634
0 0.4468562874251497 0.10972850678733032 0.15718562874251496 0.21945701357466063
0 0.6272455089820359 0.06221719457013575 0.15568862275449102 0.1244343891402715
0 0.4273952095808383 0.8970588235294118 0.15868263473053892 0.19457013574660634
0 0.6137724550898204 0.8054298642533937 0.1317365269461078 0.18778280542986425
0 0.5164670658682635 0.8122171945701357 0.13323353293413173 0.19683257918552036