0 0.7162447257383966 0.6748417721518988 0.14345991561181434 0.11075949367088607
0 0.6234177215189873 0.692246835443038 0.14767932489451477 0.11550632911392406
0 0.5284810126582279 0.7072784810126582 0.1518987341772152 0.11234177215189874
0 0.43037974683544306 0.7223101265822784 0.14345991561181434 0.10759493670886076
0 0.33755274261603374 0.7341772151898734 0.13291139240506328 0.09651898734177215
0 0.7130801687763713 0.6123417721518988 0.1350210970464135 0.10284810126582279
0 0.6170886075949367 0.6281645569620253 0.1350210970464135 0.0981012658227848
0 0.5210970464135021 0.6439873417721519 0.13924050632911392 0.10284810126582279
0 0.4229957805907173 0.6590189873417721 0.13924050632911392 0.10284810126582279
0 0.3206751054852321 0.6708860759493671 0.13924050632911392 0.10284810126582279
0 0.7067510548523207 0.5450949367088608 0.14556962025316456 0.10917721518987342
0 0.6023206751054853 0.5625 0.14135021097046413 0.10759493670886076
0 0.5137130801687764 0.5783227848101266 0.1540084388185654 0.11392405063291139
0 0.4029535864978903 0.5933544303797469 0.14767932489451477 0.11550632911392406
0 0.29852320675105487 0.6044303797468354 0.1540084388185654 0.11075949367088607
0 0.6993670886075949 0.47943037974683544 0.15611814345991562 0.11867088607594936
0 0.5991561181434599 0.4920886075949367 0.16033755274261605 0.11550632911392406
0 0.49261603375527424 0.5031645569620253 0.13924050632911392 0.10443037974683544
0 0.39029535864978904 0.5245253164556962 0.1540084388185654 0.12341772151898735
0 0.28164556962025317 0.5363924050632911 0.1540084388185654 0.11708860759493671
0 0.6930379746835443 0.40427215189873417 0.16455696202531644 0.11867088607594936
0 0.5896624472573839 0.4161392405063291 0.1518987341772152 0.11234177215189874
0 0.48417721518987344 0.4295886075949367 0.16244725738396623 0.12025316455696203
0 0.37130801687763715 0.4485759493670886 0.16244725738396623 0.125
0 0.26371308016877637 0.4588607594936709 0.16455696202531644 0.12974683544303797
0 0.6940928270042194 0.3204113924050633 0.189873417721519 0.13449367088607594
0 0.5812236286919831 0.33781645569620256 0.17088607594936708 0.12183544303797468
0 0.47257383966244726 0.34651898734177217 0.1877637130801688 0.14873417721518986
0 0.35443037974683544 0.36550632911392406 0.16877637130801687 0.13132911392405064
0 0.24367088607594936 0.370253164556962 0.17721518987341772 0.13449367088607594