0 0.18743257820927725 0.43201438848920864 0.3748651564185545 0.48992805755395685
0 0.43985976267529664 0.36726618705035974 0.3036677454153182 0.3906474820143885
0 0.6504854368932039 0.37014388489208633 0.27238403451995685 0.3474820143884892
0 0.7944983818770227 0.3345323741007194 0.20442286947141317 0.29136690647482016
0 0.8519417475728155 0.5946043165467626 0.20496224379719524 0.2971223021582734
0 0.7103559870550162 0.6496402877697842 0.267529665587918 0.3532374100719424
0 0.5024271844660194 0.7316546762589928 0.31661272923408845 0.4244604316546763
0 0.2373247033441208 0.7949640287769785 0.3959007551240561 0.40863309352517985
0 0.41828478964401294 0.12697841726618705 0.31014023732470336 0.2539568345323741
0 0.5903451995685005 0.12769784172661872 0.27346278317152106 0.25539568345323743
0 0.7394822006472492 0.1118705035971223 0.20711974110032363 0.2237410071942446