0 0.5163265306122449 0.7561349693251533 0.13877551020408163 0.10736196319018405
0 0.6020408163265306 0.7269938650306749 0.14285714285714285 0.11196319018404909
0 0.6857142857142857 0.6970858895705522 0.1469387755102041 0.10889570552147239
0 0.7724489795918368 0.6641104294478528 0.13877551020408163 0.10429447852760736
0 0.8520408163265306 0.6311349693251533 0.12857142857142856 0.09355828220858896
0 0.4704081632653061 0.7062883435582822 0.1306122448979592 0.09969325153374232
0 0.5561224489795918 0.6748466257668712 0.1306122448979592 0.0950920245398773
0 0.6418367346938776 0.6449386503067485 0.1346938775510204 0.09969325153374232
0 0.7285714285714285 0.6127300613496932 0.1346938775510204 0.09969325153374232
0 0.8163265306122449 0.575920245398773 0.1346938775510204 0.09969325153374232
0 0.42142857142857143 0.651840490797546 0.14081632653061224 0.1058282208588957
0 0.5153061224489796 0.6180981595092024 0.13673469387755102 0.10429447852760736
0 0.5959183673469388 0.5912576687116564 0.1489795918367347 0.11042944785276074
0 0.6908163265306122 0.553680981595092 0.14285714285714285 0.11196319018404909
0 0.7785714285714286 0.5145705521472392 0.1489795918367347 0.10736196319018405
0 0.37551020408163266 0.5996932515337423 0.1510204081632653 0.11503067484662577
0 0.46224489795918366 0.5636503067484663 0.15510204081632653 0.11196319018404909
0 0.5520408163265306 0.5245398773006135 0.1346938775510204 0.10122699386503067
0 0.6469387755102041 0.4938650306748466 0.1489795918367347 0.1196319018404908
0 0.7387755102040816 0.455521472392638 0.1489795918367347 0.11349693251533742
0 0.32040816326530613 0.5383435582822086 0.15918367346938775 0.11503067484662577
0 0.4091836734693878 0.5015337423312883 0.1469387755102041 0.10889570552147239
0 0.5 0.4639570552147239 0.15714285714285714 0.1165644171779141
0 0.6010204081632653 0.4279141104294479 0.15714285714285714 0.12116564417177914
0 0.6908163265306122 0.38880368098159507 0.15918367346938775 0.12576687116564417
0 0.2530612244897959 0.4746932515337423 0.1836734693877551 0.1303680981595092
0 0.3520408163265306 0.4378834355828221 0.1653061224489796 0.11809815950920245
0 0.44285714285714284 0.39570552147239263 0.1816326530612245 0.1441717791411043
0 0.5479591836734694 0.35736196319018404 0.16326530612244897 0.1273006134969325
0 0.6357142857142857 0.3113496932515337 0.17142857142857143 0.1303680981595092