0 0.2891566265060241 0.8802710843373494 0.1606425702811245 0.12349397590361445
0 0.40562248995983935 0.8509036144578314 0.1566265060240964 0.12048192771084337
0 0.5281124497991968 0.8132530120481928 0.1566265060240964 0.12349397590361445
0 0.6465863453815262 0.7740963855421686 0.15461847389558234 0.12650602409638553
0 0.7740963855421686 0.7356927710843374 0.15863453815261044 0.12198795180722892
0 0.2248995983935743 0.8072289156626506 0.15863453815261044 0.12048192771084337
0 0.3514056224899598 0.7725903614457831 0.15261044176706828 0.11596385542168675
0 0.4759036144578313 0.7356927710843374 0.1646586345381526 0.11897590361445783
0 0.6004016064257028 0.6927710843373494 0.16265060240963855 0.1355421686746988
0 0.1606425702811245 0.7394578313253012 0.17269076305220885 0.11746987951807229
0 0.7289156626506024 0.651355421686747 0.1646586345381526 0.1280120481927711
0 0.29518072289156627 0.697289156626506 0.1646586345381526 0.12198795180722892
0 0.42971887550200805 0.6528614457831325 0.1646586345381526 0.13855421686746988
0 0.5532128514056225 0.6106927710843374 0.16265060240963855 0.125
0 0.09939759036144578 0.6521084337349398 0.16265060240963855 0.13403614457831325
0 0.6867469879518072 0.5587349397590361 0.1686746987951807 0.12349397590361445
0 0.2359437751004016 0.6144578313253012 0.1827309236947791 0.14759036144578314
0 0.3674698795180723 0.5617469879518072 0.178714859437751 0.13855421686746988
0 0.5050200803212851 0.5173192771084337 0.1746987951807229 0.12951807228915663
0 0.06124497991967871 0.5534638554216867 0.12248995983935743 0.13403614457831325
0 0.641566265060241 0.4743975903614458 0.1606425702811245 0.12951807228915663
0 0.1606425702811245 0.5105421686746988 0.18674698795180722 0.1355421686746988
0 0.30220883534136544 0.46762048192771083 0.19076305220883535 0.14909638554216867
0 0.44879518072289154 0.4194277108433735 0.18875502008032127 0.13855421686746988
0 0.5953815261044176 0.3757530120481928 0.18674698795180722 0.1430722891566265
0 0.09337349397590361 0.41039156626506024 0.18674698795180722 0.15512048192771086
0 0.23795180722891565 0.3539156626506024 0.20281124497991967 0.15963855421686746
0 0.39156626506024095 0.31626506024096385 0.20281124497991967 0.15210843373493976
0 0.5491967871485943 0.25903614457831325 0.20883534136546184 0.15963855421686746