0 0.12916666666666668 0.8362068965517241 0.25833333333333336 0.25235109717868337
0 0.38958333333333334 0.8769592476489029 0.3416666666666667 0.24294670846394983
0 0.696875 0.9059561128526645 0.35625 0.18495297805642633
0 0.4354166666666667 0.7053291536050157 0.3770833333333333 0.2774294670846395
0 0.14375 0.6504702194357367 0.2875 0.322884012539185
0 0.7770833333333333 0.7437304075235109 0.38333333333333336 0.3056426332288401
0 0.484375 0.45768025078369906 0.48125 0.3934169278996865
0 0.17291666666666666 0.38636363636363635 0.3458333333333333 0.35266457680250785
0 0.83125 0.4898119122257053 0.3333333333333333 0.35893416927899685
0 0.2125 0.13636363636363635 0.3 0.2727272727272727
0 0.5364583333333334 0.15987460815047022 0.54375 0.31974921630094044
0 0.8822916666666667 0.20219435736677116 0.23125 0.31347962382445144