0 0.12028301886792453 0.2772887323943662 0.24056603773584906 0.1742957746478873
0 0.7594339622641509 0.414612676056338 0.24764150943396226 0.17077464788732394
0 0.9375 0.4639084507042254 0.12028301886792453 0.18485915492957747
0 0.5377358490566038 0.3882042253521127 0.2429245283018868 0.17077464788732394
0 0.29245283018867924 0.37235915492957744 0.2783018867924528 0.20422535211267606
0 0.09198113207547169 0.3415492957746479 0.18396226415094338 0.21830985915492956
0 0.9528301886792453 0.5448943661971831 0.08962264150943396 0.2306338028169014
0 0.5294811320754716 0.4647887323943662 0.29009433962264153 0.19190140845070422
0 0.26297169811320753 0.4198943661971831 0.29952830188679247 0.2112676056338028
0 0.8042452830188679 0.5237676056338029 0.3231132075471698 0.21654929577464788
0 0.07429245283018868 0.40757042253521125 0.14858490566037735 0.2130281690140845
0 0.8372641509433962 0.6355633802816901 0.32075471698113206 0.24295774647887325
0 0.535377358490566 0.5924295774647887 0.37028301886792453 0.25704225352112675
0 0.20400943396226415 0.5475352112676056 0.37971698113207547 0.272887323943662
0 0.8290094339622641 0.8160211267605634 0.31839622641509435 0.3503521126760563
0 0.5483490566037735 0.7790492957746479 0.4882075471698113 0.38380281690140844
0 0.17570754716981132 0.7473591549295775 0.35141509433962265 0.36795774647887325