0 0.43824701195219123 0.7717065868263473 0.15737051792828685 0.12125748502994012
0 0.5318725099601593 0.7282934131736527 0.17131474103585656 0.12874251497005987
0 0.3436254980079681 0.6991017964071856 0.15139442231075698 0.11526946107784432
0 0.25 0.6422155688622755 0.15737051792828685 0.11826347305389222
0 0.4402390438247012 0.6534431137724551 0.14143426294820718 0.09580838323353294
0 0.6374501992031872 0.6766467065868264 0.16733067729083664 0.10778443113772455
0 0.3456175298804781 0.593562874251497 0.1693227091633466 0.11826347305389222
0 0.16334661354581673 0.5711077844311377 0.16533864541832669 0.12425149700598802
0 0.7270916334661355 0.6347305389221557 0.14741035856573706 0.11976047904191617
0 0.5388446215139442 0.6115269461077845 0.1693227091633466 0.13323353293413173
0 0.6653386454183267 0.5718562874251497 0.18127490039840638 0.1317365269461078
0 0.07171314741035857 0.4977544910179641 0.14342629482071714 0.12125748502994012
0 0.8635458167330677 0.5920658682634731 0.17729083665338646 0.1377245508982036
0 0.4551792828685259 0.5419161676646707 0.17928286852589642 0.12724550898203593
0 0.25697211155378485 0.5179640718562875 0.1752988047808765 0.12724550898203593
0 0.14741035856573706 0.4393712574850299 0.17131474103585656 0.13323353293413173
0 0.3466135458167331 0.46032934131736525 0.17131474103585656 0.12574850299401197
0 0.7898406374501992 0.5119760479041916 0.18127490039840638 0.12125748502994012
0 0.5647410358565738 0.47904191616766467 0.1693227091633466 0.1347305389221557
0 0.24800796812749004 0.3787425149700599 0.20119521912350596 0.14221556886227546
0 0.45617529880478086 0.39820359281437123 0.1892430278884462 0.1377245508982036
0 0.6912350597609562 0.42290419161676646 0.19721115537848605 0.1467065868263473
0 0.9083665338645418 0.4498502994011976 0.17928286852589642 0.1631736526946108
0 0.34960159362549803 0.3031437125748503 0.20318725099601595 0.1497005988023952
0 0.5926294820717132 0.33083832335329344 0.21115537848605578 0.17365269461077845
0 0.8356573705179283 0.35254491017964074 0.21713147410358566 0.16167664670658682
0 0.47410358565737054 0.2245508982035928 0.2350597609561753 0.17365269461077845
0 0.7250996015936255 0.24850299401197604 0.22310756972111553 0.1751497005988024
0 0.6235059760956175 0.12275449101796407 0.23705179282868527 0.1721556886227545