0 0.1461038961038961 0.275974025974026 0.14285714285714285 0.11525974025974026
0 0.39935064935064934 0.2930194805194805 0.14935064935064934 0.1185064935064935
0 0.2748917748917749 0.2857142857142857 0.15151515151515152 0.1038961038961039
0 0.525974025974026 0.30762987012987014 0.14502164502164502 0.1266233766233766
0 0.6461038961038961 0.3262987012987013 0.1341991341991342 0.11363636363636363
0 0.12229437229437229 0.3547077922077922 0.16233766233766234 0.11688311688311688
0 0.3917748917748918 0.3741883116883117 0.16233766233766234 0.12337662337662338
0 0.5119047619047619 0.38555194805194803 0.15367965367965367 0.11688311688311688
0 0.2564935064935065 0.37256493506493504 0.14502164502164502 0.10714285714285714
0 0.6493506493506493 0.4017857142857143 0.14502164502164502 0.11201298701298701
0 0.24134199134199133 0.4537337662337662 0.1645021645021645 0.1266233766233766
0 0.3777056277056277 0.463474025974026 0.15151515151515152 0.1314935064935065
0 0.5162337662337663 0.47483766233766234 0.15367965367965367 0.11688311688311688
0 0.6461038961038961 0.48538961038961037 0.17316017316017315 0.1185064935064935
0 0.09415584415584416 0.45535714285714285 0.1645021645021645 0.11201298701298701
0 0.5043290043290043 0.560064935064935 0.16233766233766234 0.137987012987013
0 0.08116883116883117 0.5357142857142857 0.16233766233766234 0.1396103896103896
0 0.6396103896103896 0.5771103896103896 0.15367965367965367 0.12337662337662338
0 0.20995670995670995 0.549512987012987 0.16233766233766234 0.12337662337662338
0 0.36363636363636365 0.560064935064935 0.16233766233766234 0.11038961038961038
0 0.4967532467532468 0.6663961038961039 0.170995670995671 0.12824675324675325
0 0.34523809523809523 0.6590909090909091 0.1774891774891775 0.13636363636363635
0 0.0670995670995671 0.6436688311688312 0.1341991341991342 0.1314935064935065
0 0.19155844155844157 0.6501623376623377 0.1774891774891775 0.1266233766233766
0 0.6396103896103896 0.6801948051948052 0.18398268398268397 0.13474025974025974
0 0.1699134199134199 0.7564935064935064 0.19913419913419914 0.14772727272727273
0 0.32142857142857145 0.7694805194805194 0.18614718614718614 0.14123376623376624
0 0.4816017316017316 0.7824675324675324 0.1774891774891775 0.14123376623376624
0 0.6331168831168831 0.7946428571428571 0.170995670995671 0.13474025974025974
0 0.05411255411255411 0.7581168831168831 0.10822510822510822 0.1525974025974026