0 0.5929752066115702 0.3235294117647059 0.13636363636363635 0.09442724458204334
0 0.5175619834710744 0.3684210526315789 0.13016528925619836 0.10835913312693499
0 0.6838842975206612 0.3668730650154799 0.1384297520661157 0.1021671826625387
0 0.43285123966942146 0.4295665634674923 0.128099173553719 0.0913312693498452
0 0.7747933884297521 0.40789473684210525 0.1384297520661157 0.1021671826625387
0 0.612603305785124 0.42027863777089786 0.15495867768595042 0.09752321981424149
0 0.3615702479338843 0.47987616099071206 0.14669421487603307 0.10990712074303406
0 0.5330578512396694 0.4713622291021672 0.14256198347107438 0.09907120743034056
0 0.7148760330578512 0.4613003095975232 0.13429752066115702 0.09442724458204334
0 0.8863636363636364 0.4613003095975232 0.14049586776859505 0.10371517027863777
0 0.2603305785123967 0.544891640866873 0.15289256198347106 0.10681114551083591
0 0.44834710743801653 0.5371517027863777 0.15495867768595042 0.10990712074303406
0 0.6415289256198347 0.5278637770897833 0.14669421487603307 0.11145510835913312
0 0.8212809917355371 0.5170278637770898 0.14049586776859505 0.10835913312693499
0 0.9628099173553719 0.5139318885448917 0.07024793388429752 0.09287925696594428
0 0.15392561983471073 0.6106811145510835 0.17355371900826447 0.12074303405572756
0 0.3584710743801653 0.6013931888544891 0.15702479338842976 0.1130030959752322
0 0.743801652892562 0.5843653250773994 0.1487603305785124 0.10990712074303406
0 0.5640495867768595 0.598297213622291 0.15289256198347106 0.11455108359133127
0 0.9266528925619835 0.5773993808049536 0.14256198347107438 0.11145510835913312
0 0.25413223140495866 0.6772445820433437 0.1756198347107438 0.12693498452012383
0 0.6745867768595041 0.6524767801857585 0.16735537190082644 0.12229102167182662
0 0.4690082644628099 0.6671826625386997 0.16115702479338842 0.12538699690402477
0 0.8615702479338843 0.6455108359133127 0.16115702479338842 0.11919504643962849
0 0.36260330578512395 0.7469040247678018 0.19421487603305784 0.13003095975232198
0 0.5795454545454546 0.7337461300309598 0.16322314049586778 0.1346749226006192
0 0.7923553719008265 0.7229102167182663 0.17355371900826447 0.12848297213622292
0 0.7045454545454546 0.8103715170278638 0.1859504132231405 0.13777089783281735
0 0.4834710743801653 0.826625386996904 0.1797520661157025 0.13312693498452013
0 0.6084710743801653 0.9063467492260062 0.17768595041322313 0.14551083591331268