0 0.1673913043478261 0.6066775244299675 0.21521739130434783 0.13192182410423453
0 0.5467391304347826 0.6506514657980456 0.1934782608695652 0.14006514657980457
0 0.37282608695652175 0.6245928338762216 0.1826086956521739 0.11889250814332247
0 0.7434782608695653 0.6604234527687296 0.21739130434782608 0.15472312703583063
0 0.04782608695652174 0.5675895765472313 0.09565217391304348 0.1482084690553746
0 0.18478260869565216 0.5309446254071661 0.24565217391304348 0.1758957654723127
0 0.6315217391304347 0.5814332247557004 0.24347826086956523 0.17263843648208468
0 0.8184782608695652 0.6034201954397395 0.23478260869565218 0.18729641693811075
0 0.41304347826086957 0.5480456026058632 0.2391304347826087 0.17100977198697068
0 0.04456521739130435 0.5 0.0891304347826087 0.14332247557003258
0 0.8782608695652174 0.5309446254071661 0.2391304347826087 0.2247557003257329
0 0.7021739130434783 0.495114006514658 0.2826086956521739 0.19218241042345277
0 0.45869565217391306 0.46416938110749184 0.2717391304347826 0.16938110749185667
0 0.20978260869565218 0.4218241042345277 0.27391304347826084 0.20358306188925082
0 0.051086956521739134 0.3957654723127036 0.1 0.19543973941368079
0 0.8217391304347826 0.3729641693811075 0.34782608695652173 0.26547231270358307
0 0.5467391304347826 0.3298045602605863 0.358695652173913 0.28175895765472314
0 0.24347826086956523 0.25895765472312704 0.3630434782608696 0.2687296416938111