0 0.5862701908957415 0.07107843137254902 0.12408223201174744 0.14215686274509803
0 0.698237885462555 0.049509803921568625 0.11600587371512482 0.09901960784313725
0 0.5855359765051396 0.15098039215686274 0.13142437591776798 0.18235294117647058
0 0.697136563876652 0.12549019607843137 0.13582966226138032 0.15784313725490196
0 0.48237885462555063 0.275 0.14390602055800295 0.1803921568627451
0 0.5822320117474302 0.2563725490196078 0.1328928046989721 0.18137254901960784
0 0.7041116005873715 0.24068627450980393 0.14537444933920704 0.16862745098039217
0 0.4779735682819383 0.3931372549019608 0.15491923641703378 0.2
0 0.591042584434655 0.3877450980392157 0.14977973568281938 0.2019607843137255
0 0.7140234948604993 0.3715686274509804 0.16666666666666666 0.2107843137254902
0 0.46953010279001467 0.5299019607843137 0.15859030837004406 0.22156862745098038
0 0.5914096916299559 0.5210784313725491 0.16226138032305434 0.2107843137254902
0 0.7261380323054332 0.5220588235294118 0.16152716593245228 0.22254901960784312
0 0.591042584434655 0.6892156862745098 0.18722466960352424 0.24313725490196078
0 0.736784140969163 0.6843137254901961 0.19236417033773862 0.2656862745098039