0 0.6414893617021277 0.23397435897435898 0.14468085106382977 0.11217948717948718
0 0.5340425531914894 0.24919871794871795 0.1595744680851064 0.11538461538461539
0 0.42446808510638295 0.2724358974358974 0.1595744680851064 0.11858974358974358
0 0.6882978723404255 0.30128205128205127 0.14468085106382977 0.10737179487179487
0 0.2968085106382979 0.2956730769230769 0.16595744680851063 0.1201923076923077
0 0.5702127659574469 0.3189102564102564 0.13829787234042554 0.11217948717948718
0 0.18617021276595744 0.32211538461538464 0.15319148936170213 0.12179487179487179
0 0.44893617021276594 0.3421474358974359 0.14680851063829786 0.11378205128205128
0 0.7287234042553191 0.37099358974358976 0.16382978723404254 0.12980769230769232
0 0.33297872340425533 0.37099358974358976 0.15319148936170213 0.11538461538461539
0 0.6063829787234043 0.39503205128205127 0.1595744680851064 0.11538461538461539
0 0.21063829787234042 0.3958333333333333 0.16170212765957448 0.1266025641025641
0 0.48936170212765956 0.4206730769230769 0.1574468085106383 0.1266025641025641
0 0.7776595744680851 0.44471153846153844 0.16808510638297872 0.12980769230769232
0 0.3617021276595745 0.44310897435897434 0.16382978723404254 0.125
0 0.6478723404255319 0.46875 0.17446808510638298 0.13942307692307693
0 0.2297872340425532 0.4831730769230769 0.15319148936170213 0.12179487179487179
0 0.5180851063829788 0.5016025641025641 0.1595744680851064 0.1266025641025641
0 0.8308510638297872 0.5344551282051282 0.18936170212765957 0.14102564102564102
0 0.3872340425531915 0.5360576923076923 0.1702127659574468 0.125
0 0.6946808510638298 0.563301282051282 0.18085106382978725 0.13942307692307693
0 0.25 0.5600961538461539 0.1723404255319149 0.13141025641025642
0 0.5627659574468085 0.5953525641025641 0.17872340425531916 0.14423076923076922
0 0.8957446808510638 0.6378205128205128 0.1851063829787234 0.14423076923076922
0 0.41702127659574467 0.6322115384615384 0.17446808510638298 0.13782051282051283
0 0.7489361702127659 0.6682692307692307 0.18723404255319148 0.14423076923076922
0 0.2712765957446808 0.65625 0.17659574468085107 0.13942307692307693
0 0.597872340425532 0.7019230769230769 0.19574468085106383 0.15865384615384615
0 0.4553191489361702 0.7299679487179487 0.19361702127659575 0.15865384615384615
0 0.298936170212766 0.7732371794871795 0.19787234042553192 0.15224358974358973