0 0.5 0.7234513274336283 0.1594488188976378 0.12979351032448377
0 0.6013779527559056 0.6762536873156342 0.17913385826771652 0.13716814159292035
0 0.7047244094488189 0.6202064896755162 0.19488188976377951 0.13421828908554573
0 0.4124015748031496 0.672566371681416 0.17519685039370078 0.13864306784660768
0 0.8139763779527559 0.5589970501474927 0.17913385826771652 0.13274336283185842
0 0.5216535433070866 0.6135693215339233 0.1594488188976378 0.11651917404129794
0 0.9153543307086615 0.4941002949852507 0.16535433070866143 0.12094395280235988
0 0.6377952755905512 0.5589970501474927 0.19094488188976377 0.13864306784660768
0 0.3218503937007874 0.6143067846607669 0.20078740157480315 0.1415929203539823
0 0.7490157480314961 0.49041297935103245 0.1830708661417323 0.13716814159292035
0 0.4419291338582677 0.556047197640118 0.20078740157480315 0.15339233038348082
0 0.8641732283464567 0.42330383480825956 0.1889763779527559 0.1415929203539823
0 0.5551181102362205 0.4911504424778761 0.20669291338582677 0.15781710914454278
0 0.22736220472440946 0.5523598820058997 0.19881889763779528 0.15339233038348082
0 0.6712598425196851 0.4166666666666667 0.22440944881889763 0.16371681415929204
0 0.33661417322834647 0.48672566371681414 0.20866141732283464 0.14454277286135694
0 0.7992125984251969 0.3466076696165192 0.23031496062992127 0.16371681415929204
0 0.46358267716535434 0.41224188790560473 0.2125984251968504 0.15634218289085547
0 0.11122047244094488 0.4830383480825959 0.21653543307086615 0.15781710914454278
0 0.5905511811023622 0.34292035398230086 0.23228346456692914 0.17551622418879056
0 0.22539370078740156 0.4056047197640118 0.2125984251968504 0.16224188790560473
0 0.7234251968503937 0.2581120943952802 0.2421259842519685 0.17551622418879056
0 0.3641732283464567 0.33112094395280234 0.23818897637795275 0.18289085545722714
0 0.0531496062992126 0.39233038348082594 0.1062992125984252 0.18584070796460178
0 0.49311023622047245 0.24705014749262535 0.23228346456692914 0.1710914454277286
0 0.11614173228346457 0.31563421828908556 0.23228346456692914 0.1976401179941003
0 0.6338582677165354 0.1556047197640118 0.24606299212598426 0.1873156342182891
0 0.2283464566929134 0.22418879056047197 0.2559055118110236 0.1976401179941003
0 0.3838582677165354 0.1290560471976401 0.25 0.19911504424778761
0 0.5433070866141733 0.06710914454277286 0.25984251968503935 0.13421828908554573