0 0.6127659574468085 0.7444267515923567 0.28936170212765955 0.18312101910828024
0 0.37553191489361704 0.6815286624203821 0.2702127659574468 0.18630573248407642
0 0.8223404255319149 0.7945859872611465 0.19361702127659575 0.16560509554140126
0 0.13936170212765958 0.5971337579617835 0.27872340425531916 0.21337579617834396
0 0.8606382978723405 0.7364649681528662 0.20425531914893616 0.2340764331210191
0 0.6872340425531915 0.6632165605095541 0.3446808510638298 0.22452229299363058
0 0.16489361702127658 0.5095541401273885 0.32978723404255317 0.27388535031847133
0 0.3872340425531915 0.5644904458598726 0.3829787234042553 0.26910828025477707
0 0.7691489361702127 0.5644904458598726 0.4574468085106383 0.304140127388535
0 0.9425531914893617 0.607484076433121 0.11063829787234042 0.2531847133757962
0 0.41382978723404257 0.45621019108280253 0.4425531914893617 0.2929936305732484
0 0.16063829787234044 0.3718152866242038 0.32127659574468087 0.3200636942675159
0 0.7978723404255319 0.3320063694267516 0.4 0.482484076433121
0 0.4851063829787234 0.23168789808917198 0.6042553191489362 0.46337579617834396