0 0.713855421686747 0.6445783132530121 0.19879518072289157 0.12198795180722892
0 0.3654618473895582 0.5978915662650602 0.178714859437751 0.13102409638554216
0 0.5271084337349398 0.6137048192771084 0.1706827309236948 0.10993975903614457
0 0.1897590361445783 0.5617469879518072 0.20281124497991967 0.14457831325301204
0 0.8865461847389559 0.6475903614457831 0.1927710843373494 0.14006024096385541
0 0.7289156626506024 0.5737951807228916 0.2289156626506024 0.16265060240963855
0 0.3192771084337349 0.5180722891566265 0.2248995983935743 0.15963855421686746
0 0.1465863453815261 0.4939759036144578 0.21686746987951808 0.17319277108433734
0 0.5230923694779116 0.5376506024096386 0.22088353413654618 0.15963855421686746
0 0.9096385542168675 0.5881024096385542 0.17269076305220885 0.1355421686746988
0 0.11546184738955824 0.4164156626506024 0.23092369477911648 0.2033132530120482
0 0.29116465863453816 0.42620481927710846 0.26305220883534136 0.17921686746987953
0 0.5170682730923695 0.45481927710843373 0.25301204819277107 0.15813253012048192
0 0.751004016064257 0.473644578313253 0.25301204819277107 0.18825301204819278
0 0.9246987951807228 0.4932228915662651 0.1465863453815261 0.18825301204819278
0 0.2359437751004016 0.29292168674698793 0.3232931726907631 0.2469879518072289
0 0.4939759036144578 0.31626506024096385 0.3333333333333333 0.2620481927710843
0 0.7871485943775101 0.3230421686746988 0.3353413654618474 0.25