0 0.7375 0.1921768707482993 0.16136363636363638 0.1292517006802721
0 0.615909090909091 0.18537414965986396 0.18863636363636363 0.1445578231292517
0 0.4772727272727273 0.18877551020408162 0.18181818181818182 0.13945578231292516
0 0.7647727272727273 0.26445578231292516 0.18636363636363637 0.13945578231292516
0 0.3465909090909091 0.19472789115646258 0.17727272727272728 0.13095238095238096
0 0.6170454545454546 0.2755102040816326 0.17727272727272728 0.1360544217687075
0 0.20795454545454545 0.20493197278911565 0.18409090909090908 0.1445578231292517
0 0.4909090909090909 0.2789115646258503 0.17045454545454544 0.13435374149659865
0 0.7920454545454545 0.3469387755102041 0.17954545454545454 0.13435374149659865
0 0.35 0.28741496598639454 0.18636363636363637 0.141156462585034
0 0.6454545454545455 0.35714285714285715 0.18409090909090908 0.14965986394557823
0 0.21022727272727273 0.2925170068027211 0.18636363636363637 0.13945578231292516
0 0.5034090909090909 0.3656462585034014 0.19318181818181818 0.15476190476190477
0 0.8272727272727273 0.4387755102040816 0.19772727272727272 0.14965986394557823
0 0.36477272727272725 0.375 0.18409090909090908 0.14625850340136054
0 0.6727272727272727 0.4481292517006803 0.20454545454545456 0.17687074829931973
0 0.20454545454545456 0.3852040816326531 0.17727272727272728 0.1292517006802721
0 0.5238636363636363 0.46258503401360546 0.18863636363636363 0.14795918367346939
0 0.8625 0.54421768707483 0.18636363636363637 0.13435374149659865
0 0.36477272727272725 0.4736394557823129 0.20909090909090908 0.15306122448979592
0 0.6988636363636364 0.5544217687074829 0.175 0.13435374149659865
0 0.21022727272727273 0.4804421768707483 0.19772727272727272 0.14795918367346939
0 0.5409090909090909 0.5629251700680272 0.19318181818181818 0.1377551020408163
0 0.8897727272727273 0.6641156462585034 0.17272727272727273 0.14285714285714285
0 0.37386363636363634 0.5790816326530612 0.18181818181818182 0.1326530612244898
0 0.7352272727272727 0.6751700680272109 0.18181818181818182 0.141156462585034
0 0.2159090909090909 0.5892857142857143 0.19318181818181818 0.141156462585034
0 0.5556818181818182 0.6930272108843537 0.18636363636363637 0.1445578231292517
0 0.38977272727272727 0.6955782312925171 0.19545454545454546 0.15816326530612246
0 0.20681818181818182 0.7151360544217688 0.18636363636363637 0.15136054421768708