0 0.6974708171206225 0.6836734693877551 0.14396887159533073 0.10932944606413994
0 0.5982490272373541 0.6895043731778425 0.1556420233463035 0.11078717201166181
0 0.49319066147859925 0.6880466472303207 0.1556420233463035 0.11370262390670553
0 0.7169260700389105 0.6173469387755102 0.14007782101167315 0.10495626822157435
0 0.3735408560311284 0.6909620991253644 0.15953307392996108 0.11661807580174927
0 0.6070038910505836 0.6217201166180758 0.13813229571984437 0.10787172011661808
0 0.26556420233463035 0.6873177842565598 0.14980544747081712 0.119533527696793
0 0.49221789883268485 0.6239067055393586 0.14591439688715954 0.11224489795918367
0 0.7315175097276264 0.5473760932944607 0.1614785992217899 0.1239067055393586
0 0.38132295719844356 0.6180758017492711 0.14980544747081712 0.11224489795918367
0 0.6157587548638133 0.5481049562682215 0.1556420233463035 0.11224489795918367
0 0.26556420233463035 0.6180758017492711 0.15953307392996108 0.12244897959183673
0 0.5038910505836576 0.5466472303206997 0.1556420233463035 0.12099125364431487
0 0.7519455252918288 0.4737609329446064 0.16536964980544747 0.12682215743440234
0 0.3832684824902724 0.5495626822157434 0.15953307392996108 0.12099125364431487
0 0.6284046692607004 0.47667638483965014 0.16926070038910507 0.13556851311953352
0 0.25486381322957197 0.5379008746355685 0.14785992217898833 0.11807580174927114
0 0.5038910505836576 0.47011661807580174 0.1575875486381323 0.12244897959183673
0 0.769455252918288 0.38556851311953355 0.18482490272373542 0.13702623906705538
0 0.3764591439688716 0.46282798833819244 0.16731517509727625 0.12244897959183673
0 0.6400778210116731 0.3848396501457726 0.17509727626459143 0.13556851311953352
0 0.2490272373540856 0.46647230320699706 0.16926070038910507 0.1282798833819242
0 0.5136186770428015 0.380466472303207 0.17704280155642024 0.13848396501457727
0 0.7976653696498055 0.28352769679300294 0.1867704280155642 0.13994169096209913
0 0.3735408560311284 0.3739067055393586 0.16926070038910507 0.13411078717201166
0 0.6556420233463035 0.28352769679300294 0.18482490272373542 0.13994169096209913
0 0.23735408560311283 0.37755102040816324 0.17315175097276264 0.13556851311953352
0 0.5116731517509727 0.27988338192419826 0.19455252918287938 0.15451895043731778
0 0.3754863813229572 0.2813411078717201 0.19066147859922178 0.15306122448979592
0 0.22568093385214008 0.27113702623906705 0.1926070038910506 0.14723032069970846