0 0.8633474576271186 0.16666666666666666 0.2584745762711864 0.19047619047619047
0 0.350635593220339 0.23333333333333334 0.2754237288135593 0.18253968253968253
0 0.6260593220338984 0.21428571428571427 0.3241525423728814 0.19365079365079366
0 0.6377118644067796 0.31746031746031744 0.3093220338983051 0.20952380952380953
0 0.3400423728813559 0.36666666666666664 0.3177966101694915 0.24126984126984127
0 0.885593220338983 0.3047619047619048 0.22245762711864406 0.23809523809523808
0 0.9057203389830508 0.43333333333333335 0.1843220338983051 0.24126984126984127
0 0.3241525423728814 0.5119047619047619 0.3580508474576271 0.2492063492063492
0 0.6546610169491526 0.4849206349206349 0.3622881355932203 0.2619047619047619
0 0.3061440677966102 0.7404761904761905 0.451271186440678 0.3476190476190476
0 0.7097457627118644 0.7015873015873015 0.4449152542372881 0.33650793650793653
0 0.9417372881355932 0.6968253968253968 0.11228813559322035 0.3396825396825397
0 0.2733050847457627 0.9119047619047619 0.4703389830508475 0.173015873015873
0 0.7372881355932204 0.8944444444444445 0.5254237288135594 0.20793650793650795
0 0.8114406779661016 0.09523809523809523 0.2542372881355932 0.19047619047619047
0 0.5847457627118644 0.12063492063492064 0.2521186440677966 0.173015873015873
0 0.3527542372881356 0.15634920634920635 0.23940677966101695 0.18888888888888888