0 0.6340579710144928 0.2661290322580645 0.3007246376811594 0.5225806451612903
0 0.1105072463768116 0.24516129032258063 0.2210144927536232 0.45161290322580644
0 0.42391304347826086 0.4064516129032258 0.2536231884057971 0.4096774193548387
0 0.21829710144927536 0.3870967741935484 0.2608695652173913 0.4645161290322581
0 0.9221014492753623 0.5 0.15217391304347827 0.45161290322580644
0 0.5552536231884058 0.48870967741935484 0.2463768115942029 0.4064516129032258
0 0.7572463768115942 0.5951612903225807 0.32065217391304346 0.5451612903225806
0 0.09601449275362318 0.5596774193548387 0.19202898550724637 0.5451612903225806
0 0.8740942028985508 0.7580645161290323 0.24818840579710144 0.45161290322580644
0 0.6086956521739131 0.7645161290322581 0.26268115942028986 0.46774193548387094
0 0.21739130434782608 0.7032258064516129 0.3188405797101449 0.5870967741935483
0 0.4166666666666667 0.7387096774193549 0.358695652173913 0.5161290322580645
0 0.7382246376811594 0.867741935483871 0.28442028985507245 0.24516129032258063
0 0.8378623188405797 0.17903225806451614 0.29891304347826086 0.3580645161290323
0 0.49818840579710144 0.1774193548387097 0.2572463768115942 0.3548387096774194
0 0.296195652173913 0.19032258064516128 0.25 0.36451612903225805