0 0.7256637168141593 0.6895695364238411 0.13495575221238937 0.10596026490066225
0 0.6261061946902655 0.6986754966887417 0.13938053097345132 0.10927152317880795
0 0.5254424778761062 0.7052980132450332 0.14380530973451328 0.10596026490066225
0 0.42035398230088494 0.7119205298013245 0.13716814159292035 0.10099337748344371
0 0.3219026548672566 0.7152317880794702 0.1261061946902655 0.09105960264900662
0 0.7323008849557522 0.625 0.12831858407079647 0.09768211920529801
0 0.6305309734513275 0.6316225165562914 0.12831858407079647 0.09271523178807947
0 0.5276548672566371 0.6390728476821192 0.13274336283185842 0.09768211920529801
0 0.4225663716814159 0.6456953642384106 0.13274336283185842 0.09768211920529801
0 0.3141592920353982 0.6481788079470199 0.13274336283185842 0.09768211920529801
0 0.7378318584070797 0.554635761589404 0.13716814159292035 0.10264900662251655
0 0.6261061946902655 0.5620860927152318 0.13274336283185842 0.10264900662251655
0 0.5309734513274337 0.570364238410596 0.14601769911504425 0.1076158940397351
0 0.413716814159292 0.5753311258278145 0.13938053097345132 0.10927152317880795
0 0.3030973451327434 0.5769867549668874 0.14601769911504425 0.10430463576158941
0 0.7422566371681416 0.48509933774834435 0.14601769911504425 0.11258278145695365
0 0.6349557522123894 0.48923841059602646 0.15265486725663716 0.1076158940397351
0 0.5221238938053098 0.4900662251655629 0.13274336283185842 0.09933774834437085
0 0.41150442477876104 0.5024834437086093 0.14380530973451328 0.11754966887417219
0 0.29646017699115046 0.5041390728476821 0.14601769911504425 0.11092715231788079
0 0.7477876106194691 0.4064569536423841 0.1570796460176991 0.11092715231788079
0 0.6371681415929203 0.4097682119205298 0.14380530973451328 0.10596026490066225
0 0.5254424778761062 0.41307947019867547 0.15486725663716813 0.11258278145695365
0 0.4059734513274336 0.42218543046357615 0.15265486725663716 0.11754966887417219
0 0.2920353982300885 0.4230132450331126 0.15486725663716813 0.12251655629139073
0 0.7632743362831859 0.320364238410596 0.18141592920353983 0.12582781456953643
0 0.6426991150442478 0.3269867549668874 0.16150442477876106 0.11423841059602649
0 0.5287610619469026 0.3253311258278146 0.17699115044247787 0.1423841059602649
0 0.40154867256637167 0.3336092715231788 0.1592920353982301 0.12417218543046357
0 0.28650442477876104 0.32864238410596025 0.168141592920354 0.1291390728476821