0 0.23559670781893005 0.23384615384615384 0.16666666666666666 0.12923076923076923
0 0.4732510288065844 0.26 0.17078189300411523 0.13230769230769232
0 0.35699588477366256 0.24769230769230768 0.17078189300411523 0.12153846153846154
0 0.5925925925925926 0.2784615384615385 0.17078189300411523 0.13846153846153847
0 0.7057613168724279 0.3007692307692308 0.15637860082304528 0.12615384615384614
0 0.20679012345679013 0.30846153846153845 0.1831275720164609 0.13384615384615384
0 0.4609053497942387 0.3353846153846154 0.1831275720164609 0.13846153846153847
0 0.5751028806584362 0.3523076923076923 0.17695473251028807 0.13384615384615384
0 0.3333333333333333 0.3292307692307692 0.1646090534979424 0.12153846153846154
0 0.7037037037037037 0.3723076923076923 0.1646090534979424 0.12615384615384614
0 0.3148148148148148 0.4053846153846154 0.18724279835390947 0.14153846153846153
0 0.44238683127572015 0.4207692307692308 0.17695473251028807 0.14615384615384616
0 0.573045267489712 0.43615384615384617 0.1748971193415638 0.13230769230769232
0 0.6944444444444444 0.45076923076923076 0.1934156378600823 0.13692307692307693
0 0.17386831275720166 0.4015384615384615 0.1831275720164609 0.12923076923076923
0 0.5555555555555556 0.5161538461538462 0.18930041152263374 0.1523076923076923
0 0.15123456790123457 0.47615384615384615 0.19547325102880658 0.1523076923076923
0 0.6831275720164609 0.5376923076923077 0.17901234567901234 0.14
0 0.2777777777777778 0.49615384615384617 0.18518518518518517 0.13846153846153847
0 0.4218106995884774 0.5115384615384615 0.18106995884773663 0.1276923076923077
0 0.5401234567901234 0.6169230769230769 0.1934156378600823 0.14461538461538462
0 0.39814814814814814 0.6030769230769231 0.2037037037037037 0.15384615384615385
0 0.1111111111111111 0.5738461538461539 0.20164609053497942 0.14461538461538462
0 0.25308641975308643 0.5892307692307692 0.19958847736625515 0.14615384615384616
0 0.6759259259259259 0.6346153846153846 0.20987654320987653 0.15538461538461537
0 0.22530864197530864 0.6892307692307692 0.22633744855967078 0.16923076923076924
0 0.3683127572016461 0.7076923076923077 0.21193415637860083 0.16
0 0.5195473251028807 0.7253846153846154 0.2037037037037037 0.16
0 0.6625514403292181 0.7430769230769231 0.19753086419753085 0.15076923076923077
0 0.09773662551440329 0.68 0.17078189300411523 0.1676923076923077