0 0.6636054421768708 0.20871143375680581 0.16802721088435374 0.19509981851179672
0 0.8224489795918367 0.205535390199637 0.19047619047619047 0.22323049001814882
0 0.5040816326530613 0.24001814882032668 0.15170068027210884 0.20508166969147004
0 0.3401360544217687 0.25226860254083483 0.16258503401360544 0.21052631578947367
0 0.17653061224489797 0.2658802177858439 0.1653061224489796 0.20054446460980035
0 0.8690476190476191 0.3856624319419238 0.2054421768707483 0.26860254083484575
0 0.6965986394557823 0.41515426497277674 0.21428571428571427 0.26860254083484575
0 0.5190476190476191 0.4378402903811252 0.19115646258503402 0.2513611615245009
0 0.33503401360544216 0.45462794918330307 0.20816326530612245 0.2631578947368421
0 0.1523809523809524 0.4786751361161525 0.19727891156462585 0.2749546279491833
0 0.7316326530612245 0.647005444646098 0.21700680272108844 0.29764065335753176
0 0.5428571428571428 0.6687840290381125 0.21496598639455783 0.3021778584392015
0 0.34285714285714286 0.6955535390199638 0.22108843537414966 0.29038112522686027