0 0.5427350427350427 0.7100638977635783 0.16666666666666666 0.1182108626198083
0 0.4636752136752137 0.6653354632587859 0.16452991452991453 0.13099041533546327
0 0.6356837606837606 0.6621405750798722 0.17094017094017094 0.12619808306709265
0 0.37286324786324787 0.6038338658146964 0.1581196581196581 0.1134185303514377
0 0.7275641025641025 0.6174121405750799 0.17094017094017094 0.12619808306709265
0 0.5598290598290598 0.6094249201277955 0.1858974358974359 0.12300319488817892
0 0.29594017094017094 0.555111821086262 0.18162393162393162 0.13578274760383385
0 0.47435897435897434 0.5583067092651757 0.17307692307692307 0.12300319488817892
0 0.6623931623931624 0.5638977635782748 0.16452991452991453 0.1182108626198083
0 0.8397435897435898 0.5591054313099042 0.17307692307692307 0.12779552715654952
0 0.1891025641025641 0.48961661341853036 0.1858974358974359 0.13258785942492013
0 0.38354700854700857 0.4928115015974441 0.19017094017094016 0.13578274760383385
0 0.5844017094017094 0.4984025559105431 0.18162393162393162 0.13738019169329074
0 0.7702991452991453 0.5039936102236422 0.17307692307692307 0.13099041533546327
0 0.9326923076923077 0.505591054313099 0.13034188034188035 0.11661341853035144
0 0.09188034188034189 0.4257188498402556 0.18376068376068377 0.1485623003194888
0 0.28739316239316237 0.4289137380191693 0.19230769230769232 0.1389776357827476
0 0.686965811965812 0.43610223642172524 0.18376068376068377 0.13578274760383385
0 0.5010683760683761 0.4273162939297125 0.18803418803418803 0.14057507987220447
0 0.8782051282051282 0.43929712460063897 0.18162393162393162 0.13578274760383385
0 0.1762820512820513 0.3538338658146965 0.21581196581196582 0.15814696485623003
0 0.6121794871794872 0.3682108626198083 0.20512820512820512 0.1501597444089457
0 0.39850427350427353 0.3586261980830671 0.1987179487179487 0.15495207667731628
0 0.8055555555555556 0.3698083067092652 0.1987179487179487 0.14696485623003194
0 0.28525641025641024 0.2787539936102236 0.23504273504273504 0.16293929712460065
0 0.5106837606837606 0.28674121405750796 0.202991452991453 0.16293929712460065
0 0.7297008547008547 0.29233226837060705 0.21153846153846154 0.15814696485623003
0 0.6346153846153846 0.20447284345047922 0.23076923076923078 0.17092651757188498
0 0.405982905982906 0.19329073482428116 0.2222222222222222 0.1645367412140575
0 0.532051282051282 0.10782747603833866 0.2222222222222222 0.17731629392971246