0 0.6154661016949152 0.892515923566879 0.4004237288135593 0.21178343949044587
0 0.2913135593220339 0.8598726114649682 0.3813559322033898 0.27388535031847133
0 0.07733050847457627 0.7842356687898089 0.15466101694915255 0.26910828025477707
0 0.7319915254237288 0.7372611464968153 0.4555084745762712 0.3471337579617834
0 0.350635593220339 0.6592356687898089 0.4300847457627119 0.31528662420382164
0 0.11122881355932203 0.5820063694267515 0.22245762711864406 0.3232484076433121
0 0.4406779661016949 0.4020700636942675 0.5127118644067796 0.4124203821656051
0 0.815677966101695 0.45461783439490444 0.3644067796610169 0.37420382165605093
0 0.8697033898305084 0.19745222929936307 0.2563559322033898 0.3184713375796178
0 0.559322033898305 0.13614649681528662 0.6059322033898306 0.27229299363057324
0 0.211864406779661 0.08598726114649681 0.2288135593220339 0.17197452229299362