0 0.4307692307692308 0.2876712328767123 0.35 0.5753424657534246
0 0.9259615384615385 0.3424657534246575 0.14423076923076922 0.4931506849315068
0 0.6432692307692308 0.4571917808219178 0.2923076923076923 0.4794520547945205
0 0.8538461538461538 0.4794520547945205 0.28846153846153844 0.541095890410959
0 0.10288461538461538 0.4520547945205479 0.20576923076923076 0.5068493150684932
0 0.49903846153846154 0.5188356164383562 0.2846153846153846 0.4726027397260274
0 0.27884615384615385 0.5924657534246576 0.36923076923076925 0.6335616438356164
0 0.9307692307692308 0.6746575342465754 0.1346153846153846 0.589041095890411
0 0.14615384615384616 0.708904109589041 0.2923076923076923 0.4726027397260274
0 0.42980769230769234 0.761986301369863 0.3019230769230769 0.4691780821917808
0 0.8278846153846153 0.7328767123287672 0.3403846153846154 0.5273972602739726
0 0.635576923076923 0.7517123287671232 0.40576923076923077 0.4897260273972603
0 0.2865384615384615 0.8544520547945206 0.3096153846153846 0.2568493150684932
0 0.22115384615384615 0.17636986301369864 0.3346153846153846 0.3527397260273973
0 0.5798076923076924 0.2071917808219178 0.2903846153846154 0.4143835616438356
0 0.7913461538461538 0.2568493150684932 0.2846153846153846 0.4280821917808219