0 0.3629032258064516 0.2621527777777778 0.16359447004608296 0.1284722222222222
0 0.4665898617511521 0.2717013888888889 0.17050691244239632 0.13194444444444445
0 0.5714285714285714 0.2838541666666667 0.1728110599078341 0.1267361111111111
0 0.6785714285714286 0.2977430555555556 0.16129032258064516 0.12152777777777778
0 0.7788018433179723 0.3133680555555556 0.1497695852534562 0.1111111111111111
0 0.33294930875576034 0.3263888888888889 0.15207373271889402 0.11631944444444445
0 0.4400921658986175 0.3394097222222222 0.15207373271889402 0.1111111111111111
0 0.5472350230414746 0.3506944444444444 0.15668202764976957 0.11631944444444445
0 0.6543778801843319 0.3637152777777778 0.15898617511520738 0.11805555555555555
0 0.7649769585253456 0.3828125 0.15668202764976957 0.11805555555555555
0 0.3052995391705069 0.3975694444444444 0.16589861751152074 0.1232638888888889
0 0.4205069124423963 0.4105902777777778 0.16129032258064516 0.12152777777777778
0 0.5195852534562212 0.4201388888888889 0.17511520737327188 0.13020833333333334
0 0.6394009216589862 0.4375 0.17050691244239632 0.13194444444444445
0 0.7523041474654378 0.4565972222222222 0.17511520737327188 0.1284722222222222
0 0.27880184331797236 0.4661458333333333 0.17511520737327188 0.13541666666666666
0 0.3870967741935484 0.4835069444444444 0.17972350230414746 0.13194444444444445
0 0.5023041474654378 0.5034722222222222 0.15668202764976957 0.11805555555555555
0 0.6175115207373272 0.5121527777777778 0.17511520737327188 0.1388888888888889
0 0.7350230414746544 0.5321180555555556 0.1774193548387097 0.13368055555555555
0 0.24539170506912442 0.5451388888888888 0.18663594470046083 0.13541666666666666
0 0.358294930875576 0.5633680555555556 0.17050691244239632 0.1267361111111111
0 0.47235023041474655 0.5815972222222222 0.18663594470046083 0.1371527777777778
0 0.5956221198156681 0.5946180555555556 0.18202764976958524 0.140625
0 0.7119815668202765 0.6163194444444444 0.1889400921658986 0.14583333333333334
0 0.20046082949308755 0.6310763888888888 0.21658986175115208 0.1527777777777778
0 0.3248847926267281 0.6467013888888888 0.1912442396313364 0.1388888888888889
0 0.4400921658986175 0.6701388888888888 0.21428571428571427 0.1684027777777778
0 0.5702764976958525 0.6857638888888888 0.1912442396313364 0.14930555555555555
0 0.6854838709677419 0.7135416666666666 0.20046082949308755 0.1545138888888889