0 0.6230769230769231 0.7430232558139535 0.13076923076923078 0.2116279069767442
0 0.3646153846153846 0.7046511627906977 0.16307692307692306 0.21395348837209302
0 0.7315384615384616 0.7465116279069768 0.13076923076923078 0.18372093023255814
0 0.5430769230769231 0.6906976744186046 0.13846153846153847 0.22093023255813954
0 0.2753846153846154 0.6302325581395349 0.14307692307692307 0.23488372093023255
0 0.4553846153846154 0.6441860465116279 0.11846153846153847 0.2069767441860465
0 0.6938461538461539 0.6209302325581395 0.14307692307692307 0.20930232558139536
0 0.8 0.586046511627907 0.16153846153846155 0.2302325581395349
0 0.5192307692307693 0.5372093023255814 0.1276923076923077 0.2116279069767442
0 0.24769230769230768 0.4790697674418605 0.12153846153846154 0.17906976744186046
0 0.3484615384615385 0.46162790697674416 0.13230769230769232 0.2813953488372093
0 0.7015384615384616 0.5081395348837209 0.14615384615384616 0.1883720930232558
0 0.44076923076923075 0.4686046511627907 0.11846153846153847 0.2186046511627907
0 0.5938461538461538 0.4313953488372093 0.13076923076923078 0.2255813953488372
0 0.8838461538461538 0.44069767441860463 0.14307692307692307 0.19767441860465115
0 0.7807692307692308 0.42441860465116277 0.1476923076923077 0.1930232558139535
0 0.5123076923076924 0.3813953488372093 0.1276923076923077 0.19534883720930232
0 0.683076923076923 0.3930232558139535 0.12615384615384614 0.2
0 0.28692307692307695 0.3267441860465116 0.14153846153846153 0.19767441860465115
0 0.4307692307692308 0.32325581395348835 0.1523076923076923 0.21627906976744185
0 0.5584615384615385 0.26744186046511625 0.15846153846153846 0.28837209302325584
0 0.8453846153846154 0.29186046511627906 0.13846153846153847 0.2255813953488372
0 0.66 0.2441860465116279 0.15692307692307692 0.2837209302325581
0 0.7615384615384615 0.2558139534883721 0.15076923076923077 0.23953488372093024
0 0.44846153846153847 0.19767441860465115 0.15538461538461537 0.22325581395348837
0 0.3453846153846154 0.1313953488372093 0.1646153846153846 0.2627906976744186
0 0.19538461538461538 0.08604651162790698 0.16307692307692306 0.17209302325581396
0 0.6076923076923076 0.11046511627906977 0.13846153846153847 0.20232558139534884
0 0.5169230769230769 0.09767441860465116 0.15692307692307692 0.19534883720930232
0 0.7084615384615385 0.10697674418604651 0.15384615384615385 0.15813953488372093
0 0.33153846153846156 0.8453488372093023 0.16 0.19534883720930232
0 0.5338461538461539 0.8453488372093023 0.13230769230769232 0.1883720930232558
0 0.4376923076923077 0.8058139534883721 0.13384615384615384 0.19767441860465115