0 0.27187948350071733 0.08812260536398467 0.14347202295552366 0.1685823754789272
0 0.5161406025824964 0.06992337164750957 0.1556671449067432 0.13984674329501914
0 0.6348637015781923 0.06082375478927203 0.15494978479196556 0.12164750957854406
0 0.7643472022955524 0.04741379310344827 0.16714490674318508 0.09482758620689655
0 0.39275466284074606 0.0842911877394636 0.14275466284074606 0.16666666666666666
0 0.2715208034433286 0.22365900383141762 0.1606886657101865 0.2021072796934866
0 0.15028694404591106 0.2514367816091954 0.15423242467718795 0.20306513409961685
0 0.5258249641319943 0.17576628352490423 0.15925394548063126 0.19827586206896552
0 0.398493543758967 0.2064176245210728 0.1556671449067432 0.2049808429118774
0 0.7944763271162123 0.12883141762452108 0.17288378766140602 0.22701149425287356
0 0.6567431850789096 0.16522988505747127 0.1678622668579627 0.22509578544061304
0 0.27618364418938307 0.382183908045977 0.16714490674318508 0.22126436781609196
0 0.4013629842180775 0.3682950191570881 0.16284074605451937 0.2231800766283525
0 0.5401721664275466 0.34051724137931033 0.17001434720229555 0.2164750957854406
0 0.14275466284074606 0.1039272030651341 0.15208034433285508 0.1867816091954023