0 0.5633047210300429 0.7379421221864951 0.15879828326180256 0.13344051446945338
0 0.44635193133047213 0.6961414790996785 0.18025751072961374 0.1382636655948553
0 0.3240343347639485 0.6446945337620579 0.19742489270386265 0.13344051446945338
0 0.6502145922746781 0.6760450160771704 0.1759656652360515 0.13987138263665594
0 0.1963519313304721 0.587620578778135 0.18025751072961374 0.13504823151125403
0 0.5214592274678111 0.6213826366559485 0.1630901287553648 0.11736334405144695
0 0.08261802575107297 0.5289389067524116 0.16523605150214593 0.12218649517684887
0 0.388412017167382 0.5715434083601286 0.19742489270386265 0.13987138263665594
0 0.7381974248927039 0.6053054662379421 0.20386266094420602 0.1414790996784566
0 0.2575107296137339 0.5072347266881029 0.18454935622317598 0.13987138263665594
0 0.6008583690987125 0.5522508038585209 0.20386266094420602 0.15594855305466238
0 0.1223175965665236 0.4437299035369775 0.19098712446351931 0.14308681672025725
0 0.4688841201716738 0.49115755627009644 0.20815450643776823 0.15916398713826366
0 0.8326180257510729 0.5297427652733119 0.19957081545064378 0.15434083601286175
0 0.33047210300429186 0.4212218649517685 0.22746781115879827 0.16559485530546625
0 0.7049356223175965 0.46864951768488744 0.21244635193133046 0.14630225080385853
0 0.1813304721030043 0.3553054662379421 0.23390557939914164 0.16237942122186494
0 0.5536480686695279 0.3979099678456592 0.21244635193133046 0.15755627009646303
0 0.9163090128755365 0.4453376205787781 0.1630901287553648 0.1607717041800643
0 0.40772532188841204 0.33440514469453375 0.23605150214592274 0.17845659163987138
0 0.8111587982832618 0.37057877813504825 0.2167381974248927 0.1639871382636656
0 0.25 0.2532154340836013 0.2446351931330472 0.17684887459807075
0 0.6502145922746781 0.30144694533762056 0.24034334763948498 0.18488745980707397
0 0.9774678111587983 0.33360128617363344 0.0407725321888412 0.18810289389067525
0 0.4989270386266094 0.22266881028938906 0.23605150214592274 0.17363344051446947
0 0.8991416309012875 0.26366559485530544 0.19742489270386265 0.20257234726688103
0 0.3315450643776824 0.1342443729903537 0.24892703862660945 0.18971061093247588
0 0.7811158798283262 0.17443729903536978 0.259656652360515 0.19935691318327975
0 0.5987124463519313 0.09405144694533762 0.2532188841201717 0.18810289389067525
0 0.41416309012875535 0.04742765273311897 0.2575107296137339 0.09485530546623794