0 0.3161764705882353 0.7138364779874213 0.15966386554621848 0.13364779874213836
0 0.4569327731092437 0.7185534591194969 0.1722689075630252 0.13522012578616352
0 0.5913865546218487 0.72562893081761 0.15756302521008403 0.12421383647798742
0 0.7426470588235294 0.7154088050314465 0.15336134453781514 0.12735849056603774
0 0.875 0.7083333333333334 0.1722689075630252 0.12106918238993711
0 0.2857142857142857 0.6360062893081762 0.18067226890756302 0.13836477987421383
0 0.43592436974789917 0.6352201257861635 0.16596638655462184 0.12264150943396226
0 0.5882352941176471 0.6367924528301887 0.17857142857142858 0.12421383647798742
0 0.7352941176470589 0.6273584905660378 0.17647058823529413 0.13050314465408805
0 0.8855042016806722 0.6257861635220126 0.19327731092436976 0.12735849056603774
0 0.2615546218487395 0.539308176100629 0.18277310924369747 0.13679245283018868
0 0.421218487394958 0.5455974842767296 0.18067226890756302 0.139937106918239
0 0.5714285714285714 0.5400943396226415 0.18487394957983194 0.14465408805031446
0 0.7352941176470589 0.539308176100629 0.19117647058823528 0.14150943396226415
0 0.8991596638655462 0.5322327044025157 0.19747899159663865 0.14937106918238993
0 0.23109243697478993 0.44261006289308175 0.19957983193277312 0.15251572327044025
0 0.39285714285714285 0.43553459119496857 0.20168067226890757 0.1509433962264151
0 0.5672268907563025 0.42924528301886794 0.19957983193277312 0.1540880503144654
0 0.7426470588235294 0.4339622641509434 0.2184873949579832 0.17452830188679244
0 0.9054621848739496 0.42059748427672955 0.18487394957983194 0.1650943396226415
0 0.18907563025210083 0.3199685534591195 0.22478991596638656 0.17138364779874213
0 0.3581932773109244 0.3160377358490566 0.226890756302521 0.16823899371069181
0 0.5483193277310925 0.31053459119496857 0.23529411764705882 0.17767295597484276
0 0.7384453781512605 0.300314465408805 0.23949579831932774 0.18238993710691823
0 0.8991596638655462 0.2916666666666667 0.19747899159663865 0.19339622641509435
0 0.15126050420168066 0.1800314465408805 0.2184873949579832 0.1918238993710692
0 0.33508403361344535 0.16981132075471697 0.25 0.2028301886792453
0 0.5262605042016807 0.1540880503144654 0.2647058823529412 0.2138364779874214
0 0.7457983193277311 0.14937106918238993 0.25630252100840334 0.20440251572327045
0 0.9086134453781513 0.13364779874213836 0.17857142857142858 0.20125786163522014