0 0.08371559633027523 0.32155172413793104 0.16743119266055045 0.13620689655172413
0 0.3440366972477064 0.2836206896551724 0.17660550458715596 0.1396551724137931
0 0.21444954128440366 0.30344827586206896 0.17660550458715596 0.12413793103448276
0 0.4782110091743119 0.2706896551724138 0.1743119266055046 0.14655172413793102
0 0.6089449541284404 0.2629310344827586 0.16055045871559634 0.13275862068965516
0 0.09059633027522936 0.4077586206896552 0.1811926605504587 0.1396551724137931
0 0.36811926605504586 0.36810344827586206 0.19036697247706422 0.14482758620689656
0 0.4954128440366973 0.35344827586206895 0.1811926605504587 0.13793103448275862
0 0.2305045871559633 0.3956896551724138 0.1720183486238532 0.12758620689655173
0 0.6410550458715596 0.3396551724137931 0.1720183486238532 0.13275862068965516
0 0.24655963302752293 0.4827586206896552 0.19495412844036697 0.1482758620689655
0 0.38876146788990823 0.46206896551724136 0.1834862385321101 0.15344827586206897
0 0.5344036697247706 0.44310344827586207 0.1811926605504587 0.13793103448275862
0 0.6697247706422018 0.42586206896551726 0.19954128440366972 0.1413793103448276
0 0.0963302752293578 0.5163793103448275 0.1926605504587156 0.13448275862068965
0 0.555045871559633 0.5336206896551724 0.19495412844036697 0.16034482758620688
0 0.10894495412844037 0.6008620689655172 0.2018348623853211 0.16034482758620688
0 0.6995412844036697 0.5206896551724138 0.1834862385321101 0.14482758620689656
0 0.2511467889908257 0.5870689655172414 0.19036697247706422 0.14482758620689656
0 0.411697247706422 0.5646551724137931 0.19036697247706422 0.1310344827586207
0 0.588302752293578 0.6439655172413793 0.2018348623853211 0.15172413793103448
0 0.43119266055045874 0.6689655172413793 0.21100917431192662 0.16034482758620688
0 0.12958715596330275 0.7163793103448276 0.1834862385321101 0.15172413793103448
0 0.2717889908256881 0.6931034482758621 0.20642201834862386 0.15
0 0.7396788990825688 0.6258620689655172 0.21559633027522937 0.16034482758620688
0 0.29128440366972475 0.8068965517241379 0.23394495412844038 0.17413793103448275
0 0.4506880733944954 0.7870689655172414 0.21788990825688073 0.16724137931034483
0 0.6181192660550459 0.7646551724137931 0.20871559633027523 0.16551724137931034
0 0.7775229357798165 0.7448275862068966 0.20412844036697247 0.15862068965517243
0 0.1559633027522936 0.8379310344827586 0.1743119266055046 0.1706896551724138