0 0.7420634920634921 0.8839285714285714 0.2777777777777778 0.20684523809523808
0 0.2837301587301587 0.7596726190476191 0.2916666666666667 0.20089285714285715
0 0.5337301587301587 0.8110119047619048 0.3392857142857143 0.21726190476190477
0 0.566468253968254 0.7172619047619048 0.32936507936507936 0.23065476190476192
0 0.30357142857142855 0.6354166666666666 0.34325396825396826 0.25892857142857145
0 0.8065476190476191 0.7626488095238095 0.2837301587301587 0.24851190476190477
0 0.8611111111111112 0.6465773809523809 0.26587301587301587 0.25
0 0.32043650793650796 0.4992559523809524 0.38095238095238093 0.27232142857142855
0 0.6190476190476191 0.5639880952380952 0.3888888888888889 0.28422619047619047
0 0.3531746031746032 0.2864583333333333 0.4880952380952381 0.37351190476190477
0 0.7172619047619048 0.37202380952380953 0.4801587301587302 0.36160714285714285
0 0.9196428571428571 0.40848214285714285 0.15674603174603174 0.3318452380952381
0 0.37003968253968256 0.11681547619047619 0.4861111111111111 0.23363095238095238
0 0.7589285714285714 0.16815476190476192 0.4781746031746032 0.3273809523809524
0 0.6815476190476191 0.9188988095238095 0.27976190476190477 0.15922619047619047
0 0.4751984126984127 0.8928571428571429 0.26785714285714285 0.18898809523809523
0 0.2698412698412698 0.8311011904761905 0.25992063492063494 0.20238095238095238