0 0.8806584362139918 0.7647058823529411 0.2345679012345679 0.28173374613003094
0 0.6604938271604939 0.8304953560371517 0.3662551440329218 0.2585139318885449
0 0.34670781893004116 0.8722910216718266 0.4094650205761317 0.25232198142414863
0 0.5627572016460906 0.673374613003096 0.4691358024691358 0.35294117647058826
0 0.8292181069958847 0.5859133126934984 0.3374485596707819 0.35758513931888547
0 0.2366255144032922 0.739938080495356 0.43209876543209874 0.3606811145510836
0 0.15432098765432098 0.5580495356037152 0.30864197530864196 0.42569659442724456
0 0.3888888888888889 0.44891640866873067 0.5679012345679012 0.43343653250773995
0 0.7674897119341564 0.32430340557275544 0.4609053497942387 0.42879256965944273
0 0.9084362139917695 0.858359133126935 0.17901234567901234 0.19659442724458204
0 0.7139917695473251 0.9102167182662538 0.3395061728395062 0.17182662538699692
0 0.44135802469135804 0.9388544891640866 0.3395061728395062 0.11919504643962849
0 0.2767489711934156 0.19582043343653252 0.5534979423868313 0.39164086687306504