0 0.16666666666666666 0.7272727272727273 0.23809523809523808 0.17045454545454544
0 0.3874458874458874 0.7045454545454546 0.24458874458874458 0.1672077922077922
0 0.8852813852813853 0.700487012987013 0.22510822510822512 0.17045454545454544
0 0.08874458874458875 0.6282467532467533 0.170995670995671 0.21753246753246752
0 0.6071428571428571 0.635551948051948 0.30303030303030304 0.21915584415584416
0 0.31385281385281383 0.6168831168831169 0.2922077922077922 0.19642857142857142
0 0.8658008658008658 0.612012987012987 0.26406926406926406 0.21428571428571427
0 0.19155844155844157 0.4967532467532468 0.38311688311688313 0.26461038961038963
0 0.5378787878787878 0.476461038961039 0.3658008658008658 0.27435064935064934
0 0.8636363636363636 0.44886363636363635 0.2683982683982684 0.2840909090909091
0 0.11796536796536797 0.299512987012987 0.23593073593073594 0.4107142857142857
0 0.4556277056277056 0.21996753246753248 0.4696969696969697 0.3912337662337662
0 0.8452380952380952 0.19318181818181818 0.3008658008658009 0.38636363636363635