0 0.4264705882352941 0.7413249211356467 0.14285714285714285 0.11514195583596215
0 0.5273109243697479 0.7050473186119873 0.16806722689075632 0.12933753943217666
0 0.6365546218487395 0.6537854889589906 0.16176470588235295 0.12460567823343849
0 0.3602941176470588 0.692429022082019 0.1638655462184874 0.12460567823343849
0 0.7384453781512605 0.6041009463722398 0.15756302521008403 0.1167192429022082
0 0.47163865546218486 0.6332807570977917 0.15546218487394958 0.11987381703470032
0 0.8434873949579832 0.5473186119873817 0.16176470588235295 0.12933753943217666
0 0.5703781512605042 0.5867507886435331 0.14915966386554622 0.11987381703470032
0 0.28781512605042014 0.6356466876971609 0.15966386554621848 0.11987381703470032
0 0.6775210084033614 0.5299684542586751 0.1638655462184874 0.12460567823343849
0 0.39915966386554624 0.5772870662460567 0.16176470588235295 0.13406940063091483
0 0.7867647058823529 0.47791798107255523 0.1638655462184874 0.12302839116719243
0 0.5073529411764706 0.5212933753943217 0.16806722689075632 0.13722397476340695
0 0.20168067226890757 0.5749211356466877 0.17436974789915966 0.13249211356466878
0 0.6123949579831933 0.46529968454258674 0.16176470588235295 0.12933753943217666
0 0.31932773109243695 0.5134069400630915 0.18067226890756302 0.15772870662460567
0 0.7331932773109243 0.40141955835962145 0.15546218487394958 0.11514195583596215
0 0.43067226890756305 0.44952681388012616 0.16596638655462184 0.1309148264984227
0 0.1092436974789916 0.5023659305993691 0.16596638655462184 0.11987381703470032
0 0.5514705882352942 0.3864353312302839 0.18487394957983194 0.13564668769716087
0 0.2342436974789916 0.43690851735015773 0.15336134453781514 0.11987381703470032
0 0.6701680672268907 0.3272870662460568 0.17436974789915966 0.1309148264984227
0 0.3550420168067227 0.3753943217665615 0.17016806722689076 0.12302839116719243
0 0.045168067226890755 0.41719242902208203 0.09033613445378151 0.12460567823343849
0 0.4789915966386555 0.30441640378548895 0.16176470588235295 0.1167192429022082
0 0.13025210084033614 0.35252365930599366 0.16176470588235295 0.12618296529968454
0 0.5987394957983193 0.24053627760252366 0.1722689075630252 0.12618296529968454
0 0.26260504201680673 0.27602523659305994 0.16596638655462184 0.1277602523659306
0 0.3939075630252101 0.21687697160883282 0.1722689075630252 0.14037854889589904
0 0.5283613445378151 0.13722397476340695 0.1638655462184874 0.13406940063091483