0 0.21474358974358973 0.33974358974358976 0.19230769230769232 0.11057692307692307
0 0.5908119658119658 0.3453525641025641 0.16666666666666666 0.12179487179487179
0 0.4166666666666667 0.3485576923076923 0.1623931623931624 0.10096153846153846
0 0.7831196581196581 0.3605769230769231 0.19017094017094016 0.1346153846153846
0 0.06303418803418803 0.3581730769230769 0.11752136752136752 0.12980769230769232
0 0.21367521367521367 0.4150641025641026 0.21581196581196582 0.15064102564102563
0 0.657051282051282 0.4230769230769231 0.21367521367521367 0.14743589743589744
0 0.844017094017094 0.42628205128205127 0.20085470085470086 0.16346153846153846
0 0.4391025641025641 0.42788461538461536 0.20726495726495728 0.14903846153846154
0 0.05235042735042735 0.4238782051282051 0.09829059829059829 0.1266025641025641
0 0.8942307692307693 0.5056089743589743 0.20726495726495728 0.1971153846153846
0 0.7061965811965812 0.5160256410256411 0.25 0.16346153846153846
0 0.4636752136752137 0.5144230769230769 0.24358974358974358 0.14262820512820512
0 0.2126068376068376 0.5232371794871795 0.23717948717948717 0.1762820512820513
0 0.042735042735042736 0.5288461538461539 0.08547008547008547 0.1858974358974359
0 0.7948717948717948 0.6490384615384616 0.30128205128205127 0.23237179487179488
0 0.5181623931623932 0.65625 0.30982905982905984 0.2467948717948718
0 0.20833333333333334 0.6858974358974359 0.3141025641025641 0.23397435897435898