0 0.6619822485207101 0.7286995515695067 0.11538461538461539 0.1905829596412556
0 0.41272189349112426 0.7634529147982063 0.14792899408284024 0.18834080717488788
0 0.764792899408284 0.7017937219730942 0.11834319526627218 0.16367713004484305
0 0.5798816568047337 0.7017937219730942 0.1227810650887574 0.19955156950672645
0 0.31952662721893493 0.718609865470852 0.12721893491124261 0.21300448430493274
0 0.4911242603550296 0.6816143497757847 0.10355029585798817 0.18834080717488788
0 0.7137573964497042 0.5930493273542601 0.128698224852071 0.1860986547085202
0 0.8091715976331361 0.5302690582959642 0.14497041420118342 0.2062780269058296
0 0.5384615384615384 0.5616591928251121 0.11242603550295859 0.19282511210762332
0 0.27514792899408286 0.5829596412556054 0.10798816568047337 0.16143497757847533
0 0.3683431952662722 0.5381165919282511 0.11390532544378698 0.2600896860986547
0 0.7071005917159763 0.484304932735426 0.13313609467455623 0.16591928251121077
0 0.45636094674556216 0.5190582959641256 0.10355029585798817 0.19955156950672645
0 0.5961538461538461 0.44170403587443946 0.11538461538461539 0.2062780269058296
0 0.871301775147929 0.36995515695067266 0.1301775147928994 0.17488789237668162
0 0.7714497041420119 0.3834080717488789 0.1346153846153846 0.17040358744394618
0 0.5133136094674556 0.4170403587443946 0.11390532544378698 0.17713004484304934
0 0.6760355029585798 0.38004484304932734 0.11242603550295859 0.18161434977578475
0 0.29363905325443784 0.4282511210762332 0.128698224852071 0.17488789237668162
0 0.4289940828402367 0.3845291479820628 0.13609467455621302 0.19282511210762332
0 0.5428994082840237 0.29596412556053814 0.1390532544378698 0.2623318385650224
0 0.8165680473372781 0.23878923766816143 0.1227810650887574 0.2040358744394619
0 0.6353550295857988 0.24551569506726456 0.13757396449704143 0.257847533632287
0 0.7337278106508875 0.22869955156950672 0.1346153846153846 0.21524663677130046
0 0.43047337278106507 0.26121076233183854 0.1390532544378698 0.19955156950672645
0 0.32470414201183434 0.22085201793721973 0.14349112426035504 0.24439461883408073
0 0.17233727810650887 0.17937219730941703 0.14349112426035504 0.242152466367713
0 0.5687869822485208 0.1132286995515695 0.1257396449704142 0.226457399103139
0 0.48150887573964496 0.11659192825112108 0.14349112426035504 0.23318385650224216
0 0.6642011834319527 0.08632286995515695 0.14497041420118342 0.1726457399103139
0 0.3994082840236686 0.9069506726457399 0.14644970414201183 0.17040358744394618
0 0.5894970414201184 0.8497757847533632 0.11982248520710059 0.1681614349775785
0 0.4940828402366864 0.8396860986547086 0.11982248520710059 0.17713004484304934