0 0.6724489795918367 0.2851681957186544 0.19387755102040816 0.13608562691131498
0 0.5020408163265306 0.26605504587155965 0.20612244897959184 0.14067278287461774
0 0.8459183673469388 0.31116207951070335 0.19795918367346937 0.15902140672782875
0 0.32448979591836735 0.25076452599388377 0.2 0.13302752293577982
0 0.1520408163265306 0.26299694189602446 0.1816326530612245 0.12844036697247707
0 0.6785714285714286 0.3516819571865443 0.19387755102040816 0.12385321100917432
0 0.8846938775510204 0.38073394495412843 0.22244897959183674 0.1743119266055046
0 0.48367346938775513 0.33256880733944955 0.21428571428571427 0.13761467889908258
0 0.29285714285714287 0.32262996941896027 0.20204081632653062 0.1437308868501529
0 0.11020408163265306 0.3302752293577982 0.17755102040816326 0.15137614678899083
0 0.9122448979591836 0.45565749235474007 0.17142857142857143 0.18042813455657492
0 0.7040816326530612 0.4258409785932722 0.24285714285714285 0.1559633027522936
0 0.48367346938775513 0.4181957186544342 0.24897959183673468 0.1636085626911315
0 0.25510204081632654 0.4029051987767584 0.24081632653061225 0.15749235474006115
0 0.07755102040816327 0.4105504587155963 0.15510204081632653 0.15902140672782875
0 0.9142857142857143 0.5680428134556575 0.1673469387755102 0.2400611620795107
0 0.75 0.5504587155963303 0.29591836734693877 0.19724770642201836
0 0.21020408163265306 0.49770642201834864 0.2897959183673469 0.22324159021406728
0 0.4673469387755102 0.5351681957186545 0.28775510204081634 0.18960244648318042
0 0.04693877551020408 0.5168195718654435 0.09387755102040816 0.21100917431192662
0 0.786734693877551 0.7079510703363915 0.3489795918367347 0.24311926605504589
0 0.45510204081632655 0.6888379204892966 0.35918367346938773 0.27675840978593275
0 0.16020408163265307 0.6735474006116208 0.32040816326530613 0.28593272171253825
0 0.7744897959183673 0.8807339449541285 0.32448979591836735 0.23547400611620795
0 0.45714285714285713 0.8692660550458715 0.46938775510204084 0.25840978593272174
0 0.12551020408163266 0.8539755351681957 0.2510204081632653 0.22782874617737003