0 0.5814732142857143 0.3486622073578595 0.15401785714285715 0.11036789297658862
0 0.48995535714285715 0.38210702341137126 0.15625 0.11705685618729098
0 0.3939732142857143 0.4188963210702341 0.16071428571428573 0.1254180602006689
0 0.296875 0.4590301003344482 0.16294642857142858 0.1254180602006689
0 0.21205357142857142 0.49331103678929766 0.15178571428571427 0.11204013377926421
0 0.6361607142857143 0.40635451505016723 0.16517857142857142 0.12040133779264214
0 0.5357142857142857 0.44481605351170567 0.16741071428571427 0.12207357859531773
0 0.4375 0.479933110367893 0.16741071428571427 0.11705685618729098
0 0.35044642857142855 0.5175585284280937 0.15625 0.11538461538461539
0 0.24107142857142858 0.5576923076923077 0.16517857142857142 0.12040133779264214
0 0.6930803571428571 0.4665551839464883 0.171875 0.1254180602006689
0 0.5892857142857143 0.5033444816053512 0.16294642857142858 0.1254180602006689
0 0.4888392857142857 0.5392976588628763 0.16071428571428573 0.12374581939799331
0 0.38950892857142855 0.5836120401337793 0.17633928571428573 0.13377926421404682
0 0.29017857142857145 0.6220735785953178 0.16741071428571427 0.12709030100334448
0 0.7522321428571429 0.5267558528428093 0.15848214285714285 0.11872909698996656
0 0.6517857142857143 0.5710702341137124 0.17633928571428573 0.13377926421404682
0 0.5446428571428571 0.612876254180602 0.16741071428571427 0.13210702341137123
0 0.43638392857142855 0.6429765886287625 0.15625 0.12876254180602006
0 0.3314732142857143 0.6923076923076923 0.16964285714285715 0.1254180602006689
0 0.8169642857142857 0.5994983277591973 0.17410714285714285 0.13043478260869565
0 0.7098214285714286 0.637123745819398 0.171875 0.13210702341137123
0 0.6049107142857143 0.6797658862876255 0.1875 0.14715719063545152
0 0.4921875 0.7274247491638796 0.18526785714285715 0.1454849498327759
0 0.3872767857142857 0.7709030100334449 0.18526785714285715 0.13377926421404682
0 0.8928571428571429 0.6688963210702341 0.1875 0.14381270903010032
0 0.7700892857142857 0.7115384615384616 0.1875 0.14715719063545152
0 0.6741071428571429 0.7608695652173914 0.20535714285714285 0.1488294314381271
0 0.5479910714285714 0.8060200668896321 0.18303571428571427 0.14046822742474915
0 0.43973214285714285 0.8586956521739131 0.18303571428571427 0.13377926421404682