0 0.8381057268722467 0.3026315789473684 0.2511013215859031 0.16447368421052633
0 0.23237885462555066 0.43832236842105265 0.2356828193832599 0.16282894736842105
0 0.06277533039647577 0.4868421052631579 0.12555066079295155 0.17434210526315788
0 0.43832599118942733 0.41118421052631576 0.23127753303964757 0.16282894736842105
0 0.6674008810572687 0.3930921052631579 0.2643171806167401 0.19407894736842105
0 0.8821585903083701 0.36101973684210525 0.23127753303964757 0.20559210526315788
0 0.04955947136563876 0.5625 0.09691629955947137 0.21710526315789475
0 0.44823788546255505 0.48273026315789475 0.2753303964757709 0.1825657894736842
0 0.6960352422907489 0.4375 0.2841409691629956 0.20065789473684212
0 0.19273127753303965 0.5411184210526315 0.30616740088105726 0.20559210526315788
0 0.8986784140969163 0.4243421052631579 0.19823788546255505 0.20394736842105263
0 0.15969162995594713 0.6455592105263158 0.31277533039647576 0.23026315789473684
0 0.44493392070484583 0.6019736842105263 0.3524229074889868 0.2450657894736842
0 0.7533039647577092 0.555921052631579 0.36123348017621143 0.2598684210526316
0 0.1762114537444934 0.8141447368421053 0.3039647577092511 0.3305921052631579
0 0.43722466960352424 0.7763157894736842 0.4647577092511013 0.3651315789473684
0 0.8061674008810573 0.743421052631579 0.3832599118942731 0.3519736842105263