0 0.8046218487394958 0.2807570977917981 0.18067226890756302 0.14195583596214512
0 0.5588235294117647 0.28391167192429023 0.1869747899159664 0.14511041009463724
0 0.6796218487394958 0.28391167192429023 0.18487394957983194 0.13406940063091483
0 0.43487394957983194 0.2917981072555205 0.18907563025210083 0.1529968454258675
0 0.3161764705882353 0.30362776025236593 0.1722689075630252 0.13722397476340695
0 0.8203781512605042 0.3588328075709779 0.19747899159663865 0.14668769716088328
0 0.5588235294117647 0.3635646687697161 0.20168067226890757 0.1529968454258675
0 0.4411764705882353 0.36908517350157727 0.19327731092436976 0.14511041009463724
0 0.6890756302521008 0.36829652996845424 0.18067226890756302 0.13406940063091483
0 0.3077731092436975 0.37697160883280756 0.18277310924369747 0.138801261829653
0 0.6953781512605042 0.4479495268138801 0.20378151260504201 0.15457413249211358
0 0.5640756302521008 0.4503154574132492 0.1953781512605042 0.15772870662460567
0 0.42962184873949577 0.4550473186119874 0.19117647058823528 0.14511041009463724
0 0.3025210084033613 0.4589905362776025 0.21008403361344538 0.15141955835962145
0 0.8392857142857143 0.45741324921135645 0.20168067226890757 0.14195583596214512
0 0.4327731092436975 0.5378548895899053 0.20798319327731093 0.16561514195583596
0 0.8487394957983193 0.5347003154574133 0.21428571428571427 0.16876971608832808
0 0.3004201680672269 0.5473186119873817 0.1953781512605042 0.15141955835962145
0 0.7184873949579832 0.5433753943217665 0.20168067226890757 0.1529968454258675
0 0.569327731092437 0.5449526813880127 0.19957983193277312 0.14037854889589904
0 0.4317226890756303 0.6411671924290221 0.21218487394957983 0.15930599369085174
0 0.5787815126050421 0.6411671924290221 0.22268907563025211 0.16876971608832808
0 0.8728991596638656 0.63801261829653 0.22058823529411764 0.15930599369085174
0 0.7279411764705882 0.6411671924290221 0.2184873949579832 0.15930599369085174
0 0.29096638655462187 0.6458990536277602 0.22899159663865545 0.17034700315457413
0 0.7394957983193278 0.7444794952681388 0.24579831932773108 0.18454258675078863
0 0.5913865546218487 0.75 0.23109243697478993 0.1750788643533123
0 0.43487394957983194 0.7539432176656151 0.22478991596638656 0.17350157728706625
0 0.2867647058823529 0.7586750788643533 0.21638655462184875 0.16561514195583596
0 0.8865546218487395 0.751577287066246 0.22268907563025211 0.18769716088328076