0 0.6100427350427351 0.7387459807073955 0.25427350427350426 0.14790996784565916
0 0.36004273504273504 0.7138263665594855 0.23504273504273504 0.15594855305466238
0 0.8696581196581197 0.7588424437299035 0.23504273504273504 0.15112540192926044
0 0.11217948717948718 0.6712218649517685 0.22008547008547008 0.17845659163987138
0 0.8878205128205128 0.6969453376205788 0.22008547008547008 0.22990353697749197
0 0.6613247863247863 0.6463022508038585 0.30128205128205127 0.1832797427652733
0 0.12179487179487179 0.5803858520900321 0.23931623931623933 0.2315112540192926
0 0.3386752136752137 0.5964630225080386 0.3269230769230769 0.22508038585209003
0 0.7158119658119658 0.5345659163987139 0.4017094017094017 0.24758842443729903
0 0.9358974358974359 0.5538585209003215 0.12393162393162394 0.25884244372990356
0 0.3333333333333333 0.4847266881028939 0.38461538461538464 0.2395498392282958
0 0.09294871794871795 0.4445337620578778 0.18162393162393162 0.2845659163987138
0 0.7649572649572649 0.297427652733119 0.4658119658119658 0.43729903536977494
0 0.33760683760683763 0.24115755627009647 0.49786324786324787 0.41639871382636656