0 0.22476828012358394 0.35302197802197804 0.3043254376930999 0.40934065934065933
0 0.45777548918640576 0.4323489010989011 0.154994850669413 0.24107142857142858
0 0.36560247167868176 0.5168269230769231 0.2106076210092688 0.2774725274725275
0 0.11071060762100927 0.5391483516483516 0.22142121524201855 0.5796703296703297
0 0.456745623069001 0.6195054945054945 0.14572605561277033 0.20192307692307693
0 0.2582389289392379 0.678228021978022 0.29351184346035014 0.385989010989011
0 0.3964984552008239 0.7603021978021978 0.18795056642636457 0.24244505494505494
0 0.14727085478887744 0.8159340659340659 0.2945417095777549 0.28708791208791207
0 0.3429454170957775 0.8804945054945055 0.203913491246138 0.22252747252747251
0 0.4523686920700309 0.8997252747252747 0.17662203913491245 0.19917582417582416
0 0.4261071060762101 0.18028846153846154 0.15087538619979401 0.23763736263736263
0 0.34680741503604534 0.25206043956043955 0.2121524201853759 0.3173076923076923