0 0.3416666666666667 0.6896551724137931 0.14583333333333334 0.11128526645768025
0 0.44895833333333335 0.6833855799373041 0.16041666666666668 0.11442006269592477
0 0.559375 0.6684952978056427 0.16041666666666668 0.11755485893416928
0 0.3072916666666667 0.6214733542319749 0.14375 0.10658307210031348
0 0.6875 0.6567398119122257 0.16458333333333333 0.1206896551724138
0 0.4239583333333333 0.6128526645768025 0.13958333333333334 0.11128526645768025
0 0.8 0.6387147335423198 0.15416666666666667 0.1238244514106583
0 0.546875 0.6003134796238244 0.15 0.11442006269592477
0 0.2760416666666667 0.549373040752351 0.16458333333333333 0.12852664576802508
0 0.6625 0.5799373040752351 0.15416666666666667 0.11598746081504702
0 0.39895833333333336 0.5352664576802508 0.16041666666666668 0.11598746081504702
0 0.7854166666666667 0.5658307210031348 0.1625 0.12695924764890282
0 0.5166666666666667 0.5195924764890282 0.15833333333333333 0.12539184952978055
0 0.23854166666666668 0.47335423197492166 0.16875 0.13009404388714735
0 0.6447916666666667 0.5078369905956113 0.1625 0.12539184952978055
0 0.36875 0.4615987460815047 0.17291666666666666 0.13949843260188088
0 0.778125 0.4788401253918495 0.15208333333333332 0.12225705329153605
0 0.5 0.438871473354232 0.16041666666666668 0.12695924764890282
0 0.2 0.3824451410658307 0.18958333333333333 0.13949843260188088
0 0.6322916666666667 0.414576802507837 0.17083333333333334 0.12539184952978055
0 0.33645833333333336 0.3652037617554859 0.17916666666666667 0.13949843260188088
0 0.76875 0.40203761755485895 0.17291666666666666 0.13166144200626959
0 0.46979166666666666 0.3440438871473354 0.17916666666666667 0.1426332288401254
0 0.14791666666666667 0.2774294670846395 0.18958333333333333 0.1426332288401254
0 0.615625 0.31974921630094044 0.17291666666666666 0.13793103448275862
0 0.29791666666666666 0.25940438871473354 0.1875 0.1426332288401254
0 0.7604166666666666 0.3072100313479624 0.17708333333333334 0.13949843260188088
0 0.44895833333333335 0.23746081504702193 0.19791666666666666 0.15987460815047022
0 0.59375 0.22178683385579936 0.19375 0.15673981191222572
0 0.75 0.1920062695924765 0.19791666666666666 0.15203761755485892