0 0.2105704697986577 0.7011194029850746 0.33557046979865773 0.45149253731343286
0 0.46252796420581654 0.608955223880597 0.17170022371364654 0.2656716417910448
0 0.3610178970917226 0.5197761194029851 0.23210290827740493 0.30597014925373134
0 0.10430648769574945 0.5007462686567165 0.2086129753914989 0.6313432835820896
0 0.45861297539149887 0.4059701492537313 0.1610738255033557 0.22238805970149253
0 0.24217002237136465 0.34701492537313433 0.3238255033557047 0.4261194029850746
0 0.3912192393736018 0.2544776119402985 0.20749440715883669 0.2671641791044776
0 0.14093959731543623 0.19962686567164178 0.28187919463087246 0.3156716417910448
0 0.3319351230425056 0.12723880597014925 0.22483221476510068 0.24402985074626865
0 0.44966442953020136 0.10597014925373134 0.1935123042505593 0.21194029850746268
0 0.4317673378076063 0.8757462686567165 0.16778523489932887 0.24701492537313433
0 0.34451901565995524 0.8078358208955224 0.23434004474272932 0.3492537313432836