0 0.3955064194008559 0.07571428571428572 0.15620542082738945 0.15142857142857144
0 0.6340941512125535 0.1219047619047619 0.16975748930099857 0.21904761904761905
0 0.7485734664764622 0.1595238095238095 0.16975748930099857 0.2180952380952381
0 0.87660485021398 0.1976190476190476 0.17902995720399428 0.2123809523809524
0 0.511055634807418 0.10142857142857142 0.15763195435092725 0.20285714285714285
0 0.3594864479315264 0.1838095238095238 0.17475035663338087 0.22476190476190477
0 0.23930099857346648 0.15476190476190477 0.16975748930099857 0.22476190476190477
0 0.6094864479315264 0.25476190476190474 0.17403708987161198 0.22095238095238096
0 0.4825249643366619 0.2257142857142857 0.1704707560627675 0.2257142857142857
0 0.8719686162624821 0.3323809523809524 0.18972895863052783 0.25142857142857145
0 0.7343081312410842 0.3047619047619048 0.18544935805991442 0.24761904761904763
0 0.32346647646219684 0.33380952380952383 0.1847360912981455 0.24476190476190476
0 0.44400855920114124 0.37761904761904763 0.1804564907275321 0.24571428571428572
0 0.5809557774607703 0.41523809523809524 0.1861626248216833 0.24095238095238095
0 0.2706847360912982 0.05857142857142857 0.16761768901569188 0.11714285714285715