0 0.9023605150214592 0.38548387096774195 0.17167381974248927 0.13548387096774195
0 0.6620171673819742 0.33145161290322583 0.1759656652360515 0.13709677419354838
0 0.778969957081545 0.3588709677419355 0.1759656652360515 0.12580645161290321
0 0.5375536480686696 0.3088709677419355 0.1759656652360515 0.14516129032258066
0 0.41738197424892703 0.29274193548387095 0.1609442060085837 0.13225806451612904
0 0.8841201716738197 0.4653225806451613 0.1888412017167382 0.13870967741935483
0 0.628755364806867 0.4080645161290323 0.19098712446351931 0.14516129032258066
0 0.5118025751072961 0.38548387096774195 0.18240343347639484 0.13870967741935483
0 0.7532188841201717 0.4435483870967742 0.17167381974248927 0.12580645161290321
0 0.3776824034334764 0.36129032258064514 0.17167381974248927 0.13064516129032258
0 0.7253218884120172 0.5225806451612903 0.19313304721030042 0.14677419354838708
0 0.5965665236051502 0.4935483870967742 0.18454935622317598 0.15161290322580645
0 0.463519313304721 0.4661290322580645 0.18025751072961374 0.13870967741935483
0 0.33905579399141633 0.4403225806451613 0.19957081545064378 0.14193548387096774
0 0.8605150214592274 0.5661290322580645 0.19098712446351931 0.1338709677419355
0 0.4313304721030043 0.5483870967741935 0.19527896995708155 0.15806451612903225
0 0.8379828326180258 0.6435483870967742 0.2017167381974249 0.1596774193548387
0 0.30042918454935624 0.5258064516129032 0.18454935622317598 0.14516129032258066
0 0.7070815450643777 0.6209677419354839 0.19098712446351931 0.14516129032258066
0 0.5622317596566524 0.5879032258064516 0.1888412017167382 0.13225806451612904
0 0.3873390557939914 0.6483870967741936 0.19957081545064378 0.15
0 0.5300429184549357 0.6830645161290323 0.21030042918454936 0.1596774193548387
0 0.8175965665236051 0.75 0.20815450643776823 0.15
0 0.6759656652360515 0.7185483870967742 0.20600858369098712 0.15161290322580645
0 0.24892703862660945 0.6193548387096774 0.2167381974248927 0.16129032258064516
0 0.6427038626609443 0.8217741935483871 0.23390557939914164 0.17580645161290323
0 0.4967811158798283 0.7919354838709678 0.2167381974248927 0.16612903225806452
0 0.34334763948497854 0.7580645161290323 0.21030042918454936 0.16612903225806452
0 0.19742489270386265 0.728225806451613 0.20386266094420602 0.15806451612903225
0 0.796137339055794 0.8653225806451613 0.23605150214592274 0.17580645161290323