0 0.15959821428571427 0.16722408026755853 0.31919642857142855 0.2976588628762542
0 0.4564732142857143 0.1346153846153846 0.3950892857142857 0.2692307692307692
0 0.7912946428571429 0.12374581939799331 0.3325892857142857 0.24749163879598662
0 0.17522321428571427 0.39297658862876256 0.35044642857142855 0.35451505016722407
0 0.5234375 0.3411371237458194 0.44642857142857145 0.32441471571906355
0 0.8404017857142857 0.31438127090301005 0.3080357142857143 0.3411371237458194
0 0.5948660714285714 0.6145484949832776 0.5267857142857143 0.42474916387959866
0 0.20089285714285715 0.7006688963210702 0.390625 0.3795986622073579
0 0.25111607142857145 0.9046822742474916 0.3638392857142857 0.18729096989966554
0 0.6517857142857143 0.8821070234113713 0.6205357142857143 0.23244147157190637
0 0.9542410714285714 0.8520066889632107 0.08705357142857142 0.21906354515050167