0 0.6853070175438597 0.11101973684210527 0.4144736842105263 0.22203947368421054
0 0.35855263157894735 0.13322368421052633 0.38377192982456143 0.26644736842105265
0 0.11732456140350878 0.20394736842105263 0.23464912280701755 0.3026315789473684
0 0.38377192982456143 0.3149671052631579 0.48903508771929827 0.3684210526315789
0 0.7412280701754386 0.26726973684210525 0.46271929824561403 0.37006578947368424
0 0.13157894736842105 0.3807565789473684 0.2631578947368421 0.36348684210526316
0 0.12938596491228072 0.5978618421052632 0.25877192982456143 0.4292763157894737
0 0.3892543859649123 0.5904605263157895 0.5921052631578947 0.4506578947368421
0 0.7905701754385965 0.5476973684210527 0.4144736842105263 0.4473684210526316
0 0.6600877192982456 0.039473684210526314 0.36403508771929827 0.07894736842105263
0 0.34868421052631576 0.06578947368421052 0.33771929824561403 0.13157894736842105
0 0.11293859649122807 0.11759868421052631 0.22587719298245615 0.14967105263157895
0 0.42653508771929827 0.84375 0.668859649122807 0.3092105263157895