0 0.4452054794520548 0.2902397260273973 0.1552511415525114 0.12157534246575342
0 0.5468036529680366 0.3039383561643836 0.16210045662100456 0.125
0 0.6495433789954338 0.3193493150684932 0.1643835616438356 0.11986301369863013
0 0.7557077625570776 0.3373287671232877 0.1552511415525114 0.11472602739726027
0 0.8538812785388128 0.3570205479452055 0.1415525114155251 0.10445205479452055
0 0.410958904109589 0.3527397260273973 0.1461187214611872 0.1113013698630137
0 0.5171232876712328 0.3698630136986301 0.14383561643835616 0.10616438356164383
0 0.6210045662100456 0.3852739726027397 0.1506849315068493 0.1113013698630137
0 0.7271689497716894 0.4023972602739726 0.15296803652968036 0.1113013698630137
0 0.8356164383561644 0.425513698630137 0.1506849315068493 0.11301369863013698
0 0.3789954337899543 0.4212328767123288 0.15753424657534246 0.11643835616438356
0 0.4920091324200913 0.4392123287671233 0.15296803652968036 0.11643835616438356
0 0.5901826484018264 0.4520547945205479 0.16666666666666666 0.125
0 0.7077625570776256 0.4743150684931507 0.16210045662100456 0.125
0 0.817351598173516 0.4974315068493151 0.16666666666666666 0.12157534246575342
0 0.3481735159817352 0.488013698630137 0.16666666666666666 0.1284246575342466
0 0.454337899543379 0.509417808219178 0.17123287671232876 0.125
0 0.5662100456621004 0.5333904109589042 0.1506849315068493 0.11301369863013698
0 0.680365296803653 0.5470890410958904 0.16666666666666666 0.13184931506849315
0 0.7945205479452054 0.5710616438356164 0.1689497716894977 0.1284246575342466
0 0.3093607305936073 0.565068493150685 0.1780821917808219 0.1284246575342466
0 0.4200913242009132 0.5873287671232876 0.16210045662100456 0.11986301369863013
0 0.5319634703196348 0.6095890410958904 0.1780821917808219 0.13013698630136986
0 0.6529680365296804 0.627568493150685 0.1735159817351598 0.13356164383561644
0 0.7671232876712328 0.6532534246575342 0.1780821917808219 0.1386986301369863
0 0.2602739726027397 0.6481164383561644 0.20776255707762556 0.14383561643835616
0 0.3812785388127854 0.6678082191780822 0.182648401826484 0.13184931506849315
0 0.4942922374429224 0.6952054794520548 0.20319634703196346 0.16095890410958905
0 0.6210045662100456 0.7157534246575342 0.182648401826484 0.1421232876712329
0 0.7340182648401826 0.747431506849315 0.1917808219178082 0.14726027397260275