0 0.21820175438596492 0.2845394736842105 0.20175438596491227 0.14967105263157895
0 0.3892543859649123 0.3067434210526316 0.20394736842105263 0.13651315789473684
0 0.5657894736842105 0.3223684210526316 0.20394736842105263 0.13651315789473684
0 0.7489035087719298 0.3462171052631579 0.18859649122807018 0.12171052631578948
0 0.75 0.3511513157894737 0.17543859649122806 0.125
0 0.9100877192982456 0.3930921052631579 0.17543859649122806 0.13486842105263158
0 0.16885964912280702 0.36019736842105265 0.22149122807017543 0.14967105263157895
0 0.5548245614035088 0.40625 0.2149122807017544 0.13322368421052633
0 0.36403508771929827 0.39555921052631576 0.20833333333333334 0.14473684210526316
0 0.7423245614035088 0.44819078947368424 0.20833333333333334 0.13486842105263158
0 0.9155701754385965 0.4901315789473684 0.16447368421052633 0.15789473684210525
0 0.31469298245614036 0.47944078947368424 0.23464912280701755 0.15953947368421054
0 0.09758771929824561 0.46381578947368424 0.19517543859649122 0.1611842105263158
0 0.5372807017543859 0.5148026315789473 0.23464912280701755 0.16447368421052633
0 0.7467105263157895 0.5452302631578947 0.2149122807017544 0.12664473684210525
0 0.9210526315789473 0.5855263157894737 0.15350877192982457 0.17598684210526316
0 0.07894736842105263 0.5764802631578947 0.15789473684210525 0.20888157894736842
0 0.24671052631578946 0.618421052631579 0.26973684210526316 0.20394736842105263
0 0.5032894736842105 0.6521381578947368 0.2916666666666667 0.2236842105263158
0 0.743421052631579 0.6825657894736842 0.28289473684210525 0.24013157894736842
0 0.9144736842105263 0.7179276315789473 0.15350877192982457 0.2236842105263158
0 0.041666666666666664 0.7475328947368421 0.08333333333333333 0.25164473684210525
0 0.17434210526315788 0.7828947368421053 0.2982456140350877 0.23848684210526316
0 0.46710526315789475 0.8297697368421053 0.3201754385964912 0.26644736842105265
0 0.7456140350877193 0.8692434210526315 0.3201754385964912 0.2582236842105263
0 0.1425438596491228 0.9210526315789473 0.2850877192982456 0.14144736842105263
0 0.42872807017543857 0.9490131578947368 0.38377192982456143 0.09868421052631579
0 0.7697368421052632 0.975328947368421 0.37719298245614036 0.046052631578947366