0 0.9092592592592592 0.6805555555555556 0.17407407407407408 0.48333333333333334
0 0.12777777777777777 0.5194444444444445 0.25555555555555554 0.4388888888888889
0 0.5333333333333333 0.6527777777777778 0.34444444444444444 0.5055555555555555
0 0.8074074074074075 0.7861111111111111 0.362962962962963 0.4166666666666667
0 0.3148148148148148 0.7444444444444445 0.37407407407407406 0.49444444444444446
0 0.1388888888888889 0.7555555555555555 0.2777777777777778 0.35555555555555557
0 0.29814814814814816 0.19444444444444445 0.337037037037037 0.3888888888888889
0 0.4962962962962963 0.3 0.34074074074074073 0.4222222222222222
0 0.12962962962962962 0.2222222222222222 0.23333333333333334 0.3611111111111111
0 0.7555555555555555 0.5055555555555555 0.3333333333333333 0.45555555555555555
0 0.2833333333333333 0.43333333333333335 0.32222222222222224 0.45555555555555555