0 0.1683884297520661 0.20510835913312694 0.3367768595041322 0.3142414860681115
0 0.44731404958677684 0.15712074303405574 0.3822314049586777 0.2801857585139319
0 0.762396694214876 0.12848297213622292 0.33884297520661155 0.25696594427244585
0 0.19318181818181818 0.42569659442724456 0.38636363636363635 0.3498452012383901
0 0.5278925619834711 0.35294117647058826 0.43388429752066116 0.3173374613003096
0 0.8285123966942148 0.3126934984520124 0.3285123966942149 0.3281733746130031
0 0.6198347107438017 0.6021671826625387 0.5165289256198347 0.4117647058823529
0 0.23450413223140495 0.7097523219814241 0.4462809917355372 0.3746130030959752
0 0.30785123966942146 0.8970588235294118 0.4049586776859504 0.20278637770897834
0 0.7004132231404959 0.8630030959752322 0.5950413223140496 0.2708978328173375
0 0.9607438016528925 0.81656346749226 0.0743801652892562 0.23374613003095976