0 0.2392966360856269 0.9183673469387755 0.154434250764526 0.16122448979591836
0 0.5 0.9301020408163265 0.16666666666666666 0.1377551020408163
0 0.6265290519877675 0.9362244897959183 0.1651376146788991 0.12346938775510204
0 0.7652905198776758 0.9459183673469388 0.17813455657492355 0.09795918367346938
0 0.36811926605504586 0.9178571428571428 0.1536697247706422 0.16224489795918368
0 0.23509174311926606 0.7836734693877551 0.1712538226299694 0.2153061224489796
0 0.10512232415902141 0.7602040816326531 0.1643730886850153 0.2163265306122449
0 0.507262996941896 0.8224489795918367 0.16972477064220184 0.21122448979591837
0 0.37079510703363916 0.7959183673469388 0.1659021406727829 0.21836734693877552
0 0.7943425076452599 0.8591836734693877 0.18425076452599387 0.24183673469387756
0 0.6467889908256881 0.826530612244898 0.17889908256880735 0.23979591836734693
0 0.23547400611620795 0.6147959183673469 0.17813455657492355 0.2357142857142857
0 0.36926605504587157 0.6234693877551021 0.1735474006116208 0.23775510204081632
0 0.5179663608562691 0.6459183673469387 0.1811926605504587 0.23061224489795917
0 0.10206422018348624 0.9081632653061225 0.1643730886850153 0.1816326530612245