0 0.3536036036036036 0.23479729729729729 0.30855855855855857 0.19763513513513514
0 0.6036036036036037 0.30405405405405406 0.2905405405405405 0.20101351351351351
0 0.14527027027027026 0.18074324324324326 0.18693693693693694 0.17567567567567569
0 0.8502252252252253 0.39780405405405406 0.29504504504504503 0.22804054054054054
0 0.11599099099099099 0.24324324324324326 0.17567567567567569 0.24493243243243243
0 0.2725225225225225 0.32010135135135137 0.36936936936936937 0.24155405405405406
0 0.8220720720720721 0.49155405405405406 0.35135135135135137 0.2939189189189189
0 0.5878378378378378 0.4282094594594595 0.4099099099099099 0.28885135135135137
0 0.21621621621621623 0.42905405405405406 0.43243243243243246 0.32432432432432434
0 0.5574324324324325 0.543918918918919 0.47297297297297297 0.3158783783783784
0 0.8243243243243243 0.637668918918919 0.34684684684684686 0.34290540540540543
0 0.18243243243243243 0.674831081081081 0.36486486486486486 0.5050675675675675
0 0.481981981981982 0.7643581081081081 0.6486486486486487 0.46790540540540543