0 0.22787846481876334 0.6998577524893315 0.3427505330490405 0.43029871977240397
0 0.48187633262260127 0.637624466571835 0.27132196162046907 0.3435277382645804
0 0.6753731343283582 0.5355618776671408 0.24360341151385928 0.3058321479374111
0 0.8179637526652452 0.5003556187766715 0.1791044776119403 0.26173541963015645
0 0.8017057569296375 0.2332859174964438 0.17857142857142858 0.267425320056899
0 0.6564498933901919 0.24928876244665718 0.23773987206823027 0.3129445234708393
0 0.4429637526652452 0.2720483641536273 0.28038379530916846 0.37695590327169276
0 0.17190831556503197 0.2901849217638691 0.34381663113006394 0.45376955903271693
0 0.5309168443496801 0.8844238975817923 0.2942430703624733 0.22972972972972974
0 0.6948294243070362 0.8239687055476529 0.2462686567164179 0.2901849217638691
0 0.8323560767590619 0.7532005689900427 0.18390191897654584 0.2375533428165007