0 0.6271929824561403 0.709703947368421 0.1600877192982456 0.11348684210526316
0 0.5317982456140351 0.680921052631579 0.15570175438596492 0.12664473684210525
0 0.7017543859649122 0.6439144736842105 0.16447368421052633 0.12171052631578948
0 0.4199561403508772 0.6381578947368421 0.1513157894736842 0.10855263157894737
0 0.7774122807017544 0.5805921052631579 0.16447368421052633 0.12171052631578948
0 0.6085526315789473 0.6060855263157895 0.17982456140350878 0.11677631578947369
0 0.3267543859649123 0.6044407894736842 0.17324561403508773 0.1299342105263158
0 0.5054824561403509 0.5723684210526315 0.16666666666666666 0.11842105263157894
0 0.694078947368421 0.540296052631579 0.15789473684210525 0.11348684210526316
0 0.8673245614035088 0.5008223684210527 0.16666666666666666 0.12335526315789473
0 0.19736842105263158 0.5608552631578947 0.17982456140350878 0.12664473684210525
0 0.39144736842105265 0.5254934210526315 0.18201754385964913 0.1299342105263158
0 0.5921052631578947 0.4909539473684211 0.17324561403508773 0.13157894736842105
0 0.7796052631578947 0.4597039473684211 0.16666666666666666 0.12664473684210525
0 0.9375 0.42680921052631576 0.11842105263157894 0.1118421052631579
0 0.08333333333333333 0.5164473684210527 0.16666666666666666 0.14473684210526316
0 0.2741228070175439 0.4810855263157895 0.18421052631578946 0.13486842105263158
0 0.6721491228070176 0.4087171052631579 0.17543859649122806 0.1299342105263158
0 0.48464912280701755 0.43667763157894735 0.17982456140350878 0.13486842105263158
0 0.8629385964912281 0.37417763157894735 0.17324561403508773 0.1299342105263158
0 0.13706140350877194 0.4284539473684211 0.20833333333333334 0.1513157894736842
0 0.5745614035087719 0.35526315789473684 0.19736842105263158 0.14473684210526316
0 0.35964912280701755 0.38898026315789475 0.19078947368421054 0.14967105263157895
0 0.7664473684210527 0.3190789473684211 0.19078947368421054 0.14144736842105263
0 0.21820175438596492 0.33223684210526316 0.22587719298245615 0.15625
0 0.4440789473684211 0.2944078947368421 0.19298245614035087 0.15789473684210525
0 0.6644736842105263 0.2574013157894737 0.20394736842105263 0.1513157894736842
0 0.5383771929824561 0.18832236842105263 0.22149122807017543 0.16447368421052633
0 0.3081140350877193 0.22286184210526316 0.21271929824561403 0.15953947368421054
0 0.4024122807017544 0.11266447368421052 0.21271929824561403 0.17105263157894737