0 0.2800829875518672 0.3130841121495327 0.24481327800829875 0.1838006230529595
0 0.44398340248962653 0.32320872274143303 0.24273858921161826 0.17133956386292834
0 0.6109958506224067 0.32710280373831774 0.24273858921161826 0.17133956386292834
0 0.7873443983402489 0.338006230529595 0.21991701244813278 0.1542056074766355
0 0.7883817427385892 0.3426791277258567 0.2095435684647303 0.1526479750778816
0 0.9139004149377593 0.37772585669781933 0.15560165975103735 0.1573208722741433
0 0.24273858921161826 0.3878504672897196 0.26348547717842324 0.18691588785046728
0 0.6089211618257261 0.40654205607476634 0.24896265560165975 0.17133956386292834
0 0.42946058091286304 0.4088785046728972 0.25103734439834025 0.1791277258566978
0 0.7914937759336099 0.4353582554517134 0.24481327800829875 0.16978193146417445
0 0.9273858921161826 0.470404984423676 0.14107883817427386 0.17445482866043613
0 0.39107883817427386 0.4914330218068536 0.27800829875518673 0.19937694704049844
0 0.16804979253112035 0.48909657320872274 0.27385892116182575 0.19781931464174454
0 0.6058091286307054 0.5101246105919003 0.2800829875518672 0.205607476635514
0 0.8070539419087137 0.5257009345794392 0.24896265560165975 0.16510903426791276
0 0.9336099585062241 0.557632398753894 0.12863070539419086 0.19626168224299065
0 0.14730290456431536 0.5989096573208723 0.2946058091286307 0.2507788161993769
0 0.3433609958506224 0.6253894080996885 0.32987551867219916 0.24766355140186916
0 0.5892116182572614 0.6417445482866043 0.35684647302904565 0.27258566978193144
0 0.8174273858921162 0.6557632398753894 0.35477178423236516 0.2834890965732087
0 0.9346473029045643 0.6822429906542056 0.12655601659751037 0.2398753894080997
0 0.14107883817427386 0.7554517133956387 0.22199170124481327 0.27258566978193144
0 0.29356846473029047 0.7850467289719626 0.36721991701244816 0.2850467289719626
0 0.5736514522821576 0.8115264797507789 0.3983402489626556 0.3146417445482866
0 0.8195020746887967 0.8263239875389408 0.35684647302904565 0.30062305295950154
0 0.26867219917012447 0.9049844236760125 0.35892116182572614 0.18691588785046728
0 0.5435684647302904 0.9205607476635514 0.4107883817427386 0.1557632398753894
0 0.83298755186722 0.9244548286604362 0.32987551867219916 0.11370716510903427