0 0.6497933884297521 0.7143962848297214 0.16115702479338842 0.13312693498452013
0 0.518595041322314 0.6857585139318886 0.17355371900826447 0.1346749226006192
0 0.3894628099173554 0.6594427244582043 0.1590909090909091 0.12538699690402477
0 0.253099173553719 0.6137770897832817 0.15495867768595042 0.12848297213622292
0 0.13326446280991736 0.5758513931888545 0.17148760330578514 0.12229102167182662
0 0.7117768595041323 0.6501547987616099 0.18181818181818182 0.1393188854489164
0 0.5723140495867769 0.6130030959752322 0.16735537190082644 0.1238390092879257
0 0.43078512396694213 0.5781733746130031 0.1797520661157025 0.12538699690402477
0 0.29855371900826444 0.5340557275541795 0.17768595041322313 0.13003095975232198
0 0.15805785123966942 0.4953560371517028 0.1921487603305785 0.13003095975232198
0 0.7758264462809917 0.5657894736842105 0.18181818181818182 0.13622291021671826
0 0.625 0.5332817337461301 0.18181818181818182 0.1393188854489164
0 0.48760330578512395 0.4914860681114551 0.1859504132231405 0.14551083591331268
0 0.3347107438016529 0.45123839009287925 0.1921487603305785 0.14241486068111456
0 0.18181818181818182 0.4040247678018576 0.2066115702479339 0.15015479876160992
0 0.8460743801652892 0.4821981424148607 0.2024793388429752 0.15325077399380804
0 0.6973140495867769 0.4373065015479876 0.2024793388429752 0.15170278637770898
0 0.5382231404958677 0.3893188854489164 0.20041322314049587 0.15479876160990713
0 0.3739669421487603 0.3521671826625387 0.2190082644628099 0.17492260061919504
0 0.21384297520661158 0.29566563467492263 0.21487603305785125 0.16253869969040247
0 0.9111570247933884 0.37925696594427244 0.17355371900826447 0.17337461300309598
0 0.78099173553719 0.33359133126934987 0.22933884297520662 0.17027863777089783
0 0.6074380165289256 0.28405572755417957 0.23553719008264462 0.1780185758513932
0 0.4359504132231405 0.228328173374613 0.24173553719008264 0.18421052631578946
0 0.259297520661157 0.17337461300309598 0.26239669421487605 0.19195046439628483
0 0.9597107438016529 0.25773993808049533 0.07644628099173553 0.18421052631578946
0 0.8667355371900827 0.20356037151702785 0.25206611570247933 0.20278637770897834
0 0.6942148760330579 0.14318885448916407 0.26859504132231404 0.21362229102167182
0 0.49173553719008267 0.09520123839009288 0.2603305785123967 0.19040247678018576
0 0.29958677685950413 0.06191950464396285 0.26859504132231404 0.1238390092879257