0 0.4102822580645161 0.7439577039274925 0.1350806451612903 0.10876132930513595
0 0.5151209677419355 0.7265861027190332 0.15725806451612903 0.12084592145015106
0 0.6320564516129032 0.6963746223564955 0.15120967741935484 0.11782477341389729
0 0.36189516129032256 0.6880664652567976 0.15524193548387097 0.1163141993957704
0 0.7409274193548387 0.6661631419939577 0.14919354838709678 0.11027190332326284
0 0.4838709677419355 0.6510574018126888 0.14717741935483872 0.1148036253776435
0 0.8558467741935484 0.6306646525679759 0.15120967741935484 0.12235649546827794
0 0.5897177419354839 0.6231117824773413 0.14112903225806453 0.11329305135951662
0 0.31048387096774194 0.6238670694864048 0.15120967741935484 0.11329305135951662
0 0.7056451612903226 0.5876132930513596 0.15524193548387097 0.11782477341389729
0 0.4324596774193548 0.5868580060422961 0.1532258064516129 0.1268882175226586
0 0.8235887096774194 0.5566465256797583 0.15524193548387097 0.1163141993957704
0 0.5483870967741935 0.5513595166163142 0.1592741935483871 0.1299093655589124
0 0.24899193548387097 0.5521148036253777 0.16330645161290322 0.12386706948640483
0 0.6633064516129032 0.5166163141993958 0.15120967741935484 0.12386706948640483
0 0.37600806451612906 0.513595166163142 0.16733870967741934 0.14954682779456194
0 0.7953629032258065 0.47658610271903323 0.14717741935483872 0.10876132930513595
0 0.49798387096774194 0.472809667673716 0.15524193548387097 0.12386706948640483
0 0.18245967741935484 0.4705438066465257 0.15725806451612903 0.11178247734138973
0 0.6290322580645161 0.43277945619335345 0.17540322580645162 0.1268882175226586
0 0.3185483870967742 0.42900302114803623 0.14516129032258066 0.11178247734138973
0 0.7570564516129032 0.39803625377643503 0.16532258064516128 0.12235649546827794
0 0.4485887096774194 0.39123867069486407 0.16129032258064516 0.1163141993957704
0 0.10483870967741936 0.37537764350453173 0.16330645161290322 0.11933534743202417
0 0.5846774193548387 0.34441087613293053 0.1532258064516129 0.11027190332326284
0 0.24596774193548387 0.3330815709969788 0.15120967741935484 0.11933534743202417
0 0.7157258064516129 0.30513595166163143 0.16330645161290322 0.11782477341389729
0 0.3911290322580645 0.283987915407855 0.15524193548387097 0.12084592145015106
0 0.530241935483871 0.24924471299093656 0.16129032258064516 0.13293051359516617
0 0.6794354838709677 0.1971299093655589 0.1532258064516129 0.1283987915407855