0 0.7698412698412699 0.45436507936507936 0.2867063492063492 0.38492063492063494
0 0.5384424603174603 0.4398148148148148 0.14583333333333334 0.2275132275132275
0 0.6056547619047619 0.5519179894179894 0.19791666666666666 0.2612433862433862
0 0.8665674603174603 0.6792328042328042 0.26587301587301587 0.5568783068783069
0 0.5002480158730159 0.6121031746031746 0.13740079365079366 0.18981481481481483
0 0.6703869047619048 0.7410714285714286 0.2767857142857143 0.3630952380952381
0 0.5257936507936508 0.7645502645502645 0.17708333333333334 0.2275132275132275
0 0.7735615079365079 0.8918650793650794 0.34375 0.21494708994708994
0 0.5486111111111112 0.8951719576719577 0.19642857142857142 0.20833333333333334
0 0.4429563492063492 0.8895502645502645 0.16865079365079366 0.21957671957671956
0 0.6207837301587301 0.21924603174603174 0.14136904761904762 0.22420634920634921
0 0.6788194444444444 0.3151455026455027 0.19890873015873015 0.29894179894179895