0 0.5941558441558441 0.6620521172638436 0.14935064935064934 0.10749185667752444
0 0.5054112554112554 0.6294788273615635 0.15151515151515152 0.11400651465798045
0 0.41233766233766234 0.5936482084690554 0.15584415584415584 0.12214983713355049
0 0.3181818181818182 0.5545602605863192 0.15800865800865802 0.12214983713355049
0 0.237012987012987 0.5211726384364821 0.1471861471861472 0.10912052117263844
0 0.6471861471861472 0.6058631921824105 0.16017316017316016 0.11726384364820847
0 0.5497835497835498 0.5684039087947883 0.16233766233766234 0.11889250814332247
0 0.4556277056277056 0.5342019543973942 0.16233766233766234 0.11400651465798045
0 0.37012987012987014 0.497557003257329 0.15151515151515152 0.11237785016286644
0 0.26406926406926406 0.4584690553745928 0.16017316017316016 0.11726384364820847
0 0.7034632034632035 0.5472312703583062 0.16666666666666666 0.12214983713355049
0 0.6017316017316018 0.511400651465798 0.15800865800865802 0.12214983713355049
0 0.5043290043290043 0.4763843648208469 0.15584415584415584 0.12052117263843648
0 0.408008658008658 0.43322475570032576 0.170995670995671 0.13029315960912052
0 0.3116883116883117 0.3957654723127036 0.16233766233766234 0.1237785016286645
0 0.7597402597402597 0.48859934853420195 0.15367965367965367 0.11563517915309446
0 0.6623376623376623 0.44543973941368076 0.170995670995671 0.13029315960912052
0 0.5584415584415584 0.40472312703583063 0.16233766233766234 0.12866449511400652
0 0.45346320346320346 0.3754071661237785 0.15151515151515152 0.1254071661237785
0 0.35173160173160173 0.3273615635179153 0.1645021645021645 0.12214983713355049
0 0.8225108225108225 0.4177524429967427 0.16883116883116883 0.1270358306188925
0 0.7186147186147186 0.3811074918566775 0.16666666666666666 0.12866449511400652
0 0.6168831168831169 0.33957654723127034 0.18181818181818182 0.14332247557003258
0 0.5075757575757576 0.2931596091205212 0.17965367965367965 0.14169381107491857
0 0.40584415584415584 0.250814332247557 0.17965367965367965 0.13029315960912052
0 0.8961038961038961 0.3501628664495114 0.18181818181818182 0.14006514657980457
0 0.7770562770562771 0.30863192182410426 0.18181818181818182 0.14332247557003258
0 0.683982683982684 0.25977198697068404 0.19913419913419914 0.1449511400651466
0 0.5616883116883117 0.21579804560260588 0.1774891774891775 0.13680781758957655
0 0.45670995670995673 0.16530944625407165 0.1774891774891775 0.13029315960912052