0 0.751004016064257 0.2876506024096386 0.23293172690763053 0.17319277108433734
0 0.5933734939759037 0.3019578313253012 0.2289156626506024 0.16114457831325302
0 0.43172690763052207 0.30948795180722893 0.2289156626506024 0.16114457831325302
0 0.2620481927710843 0.3245481927710843 0.20883534136546184 0.1460843373493976
0 0.26104417670682734 0.32906626506024095 0.19879518072289157 0.14457831325301204
0 0.11345381526104417 0.3621987951807229 0.20080321285140562 0.1566265060240964
0 0.7911646586345381 0.35918674698795183 0.25100401606425704 0.17620481927710843
0 0.4367469879518072 0.3870481927710843 0.23694779116465864 0.16114457831325302
0 0.6104417670682731 0.38403614457831325 0.23694779116465864 0.1686746987951807
0 0.2620481927710843 0.4186746987951807 0.23293172690763053 0.15963855421686746
0 0.09839357429718876 0.45406626506024095 0.19678714859437751 0.17319277108433734
0 0.6516064257028112 0.4623493975903614 0.26305220883534136 0.18825301204819278
0 0.8674698795180723 0.4555722891566265 0.25903614457831325 0.18674698795180722
0 0.44477911646586343 0.4864457831325301 0.26506024096385544 0.1927710843373494
0 0.25100401606425704 0.5067771084337349 0.23493975903614459 0.15512048192771086
0 0.09437751004016064 0.5384036144578314 0.18875502008032127 0.19427710843373494
0 0.8755020080321285 0.5602409638554217 0.24497991967871485 0.23493975903614459
0 0.7038152610441767 0.5911144578313253 0.3112449799196787 0.23343373493975902
0 0.46686746987951805 0.6137048192771084 0.3373493975903614 0.2575301204819277
0 0.2469879518072289 0.6325301204819277 0.3353413654618474 0.2680722891566265
0 0.0963855421686747 0.6596385542168675 0.1927710843373494 0.2319277108433735
0 0.892570281124498 0.7108433734939759 0.18072289156626506 0.25903614457831325
0 0.7600401606425703 0.7447289156626506 0.3473895582329317 0.26957831325301207
0 0.4899598393574297 0.7771084337349398 0.37751004016064255 0.29819277108433734
0 0.23393574297188754 0.8049698795180723 0.37349397590361444 0.2936746987951807
0 0.7740963855421686 0.8855421686746988 0.3192771084337349 0.22590361445783133
0 0.5200803212851406 0.9043674698795181 0.40562248995983935 0.18825301204819278
0 0.20883534136546184 0.9171686746987951 0.3895582329317269 0.1460843373493976