0 0.8048245614035088 0.3404605263157895 0.25219298245614036 0.18914473684210525
0 0.631578947368421 0.3379934210526316 0.25 0.17598684210526316
0 0.45394736842105265 0.328125 0.25 0.17598684210526316
0 0.2675438596491228 0.3256578947368421 0.22807017543859648 0.15789473684210525
0 0.26644736842105265 0.32976973684210525 0.21710526315789475 0.15789473684210525
0 0.10526315789473684 0.3470394736842105 0.21052631578947367 0.17105263157894737
0 0.8333333333333334 0.421875 0.2719298245614035 0.1924342105263158
0 0.4451754385964912 0.4128289473684211 0.25877192982456143 0.17434210526315788
0 0.6337719298245614 0.4292763157894737 0.25877192982456143 0.18421052631578946
0 0.24890350877192982 0.42680921052631576 0.2543859649122807 0.17598684210526316
0 0.08771929824561403 0.43914473684210525 0.17543859649122806 0.18421052631578946
0 0.6611842105263158 0.5180921052631579 0.28728070175438597 0.20559210526315788
0 0.8760964912280702 0.537828947368421 0.24342105263157895 0.20723684210526316
0 0.4331140350877193 0.5205592105263158 0.2916666666666667 0.21052631578947367
0 0.22039473684210525 0.5205592105263158 0.2543859649122807 0.16776315789473684
0 0.07456140350877193 0.5328947368421053 0.14912280701754385 0.20065789473684212
0 0.875 0.65625 0.24561403508771928 0.2532894736842105
0 0.6918859649122807 0.6636513157894737 0.3399122807017544 0.25493421052631576
0 0.43201754385964913 0.6603618421052632 0.3684210526315789 0.28125
0 0.18859649122807018 0.65625 0.36622807017543857 0.2944078947368421
0 0.0668859649122807 0.6611842105263158 0.11842105263157894 0.23519736842105263
0 0.8870614035087719 0.828125 0.22149122807017543 0.2779605263157895
0 0.7214912280701754 0.8355263157894737 0.3793859649122807 0.29605263157894735
0 0.4232456140350877 0.837171052631579 0.41228070175438597 0.3223684210526316
0 0.19188596491228072 0.8355263157894737 0.3048245614035088 0.31085526315789475
0 0.7521929824561403 0.9350328947368421 0.3969298245614035 0.12335526315789473
0 0.4199561403508772 0.9375 0.4057017543859649 0.12171052631578948
0 0.18201754385964913 0.9399671052631579 0.20175438596491227 0.11677631578947369