0 0.6043307086614174 0.23742603550295857 0.17519685039370078 0.1227810650887574
0 0.43799212598425197 0.2514792899408284 0.18700787401574803 0.1257396449704142
0 0.7736220472440944 0.22928994082840237 0.17716535433070865 0.14497041420118342
0 0.2677165354330709 0.27071005917159763 0.1830708661417323 0.11834319526627218
0 0.11122047244094488 0.3150887573964497 0.16535433070866143 0.11686390532544379
0 0.6318897637795275 0.2980769230769231 0.17913385826771652 0.10946745562130178
0 0.8326771653543307 0.2869822485207101 0.19881889763779528 0.15828402366863906
0 0.44291338582677164 0.3173076923076923 0.19488188976377951 0.1227810650887574
0 0.26279527559055116 0.34393491124260356 0.1830708661417323 0.128698224852071
0 0.08661417322834646 0.3868343195266272 0.1732283464566929 0.14053254437869822
0 0.9005905511811023 0.34911242603550297 0.18110236220472442 0.16420118343195267
0 0.6801181102362205 0.3631656804733728 0.22244094488188976 0.1390532544378698
0 0.47244094488188976 0.39718934911242604 0.2263779527559055 0.14644970414201183
0 0.25393700787401574 0.4260355029585799 0.2204724409448819 0.14053254437869822
0 0.0797244094488189 0.46893491124260356 0.1594488188976378 0.15088757396449703
0 0.9251968503937008 0.45488165680473375 0.14566929133858267 0.22633136094674555
0 0.764763779527559 0.47041420118343197 0.26968503937007876 0.1760355029585799
0 0.2440944881889764 0.5229289940828402 0.2618110236220472 0.20266272189349113
0 0.4950787401574803 0.5096153846153846 0.2637795275590551 0.16863905325443787
0 0.06692913385826772 0.5761834319526628 0.13385826771653545 0.20266272189349113
0 0.844488188976378 0.6116863905325444 0.30708661417322836 0.22041420118343194
0 0.5354330708661418 0.6560650887573964 0.3228346456692913 0.2514792899408284
0 0.234251968503937 0.7004437869822485 0.32677165354330706 0.2588757396449704
0 0.8809055118110236 0.8254437869822485 0.234251968503937 0.3165680473372781
0 0.6043307086614174 0.8550295857988166 0.43700787401574803 0.2869822485207101
0 0.21948818897637795 0.889792899408284 0.36811023622047245 0.21745562130177515