0 0.09412955465587045 0.34194528875379937 0.18421052631578946 0.11854103343465046
0 0.6700404858299596 0.3556231003039514 0.17813765182186234 0.11854103343465046
0 0.8846153846153846 0.3609422492401216 0.1680161943319838 0.13221884498480244
0 0.47874493927125505 0.3677811550151976 0.17408906882591094 0.12006079027355623
0 0.2692307692307692 0.39285714285714285 0.19838056680161945 0.1458966565349544
0 0.07489878542510121 0.40197568389057753 0.145748987854251 0.16261398176291794
0 0.9281376518218624 0.4278115501519757 0.1396761133603239 0.18693009118541035
0 0.49190283400809715 0.4331306990881459 0.2125506072874494 0.13221884498480244
0 0.25809716599190285 0.4376899696048632 0.2165991902834008 0.1474164133738602
0 0.7378542510121457 0.4399696048632219 0.23684210526315788 0.14893617021276595
0 0.06882591093117409 0.46200607902735563 0.13360323886639677 0.1580547112462006
0 0.812753036437247 0.5250759878419453 0.2591093117408907 0.1656534954407295
0 0.5334008097165992 0.5387537993920972 0.26720647773279355 0.1778115501519757
0 0.24493927125506074 0.5531914893617021 0.27125506072874495 0.19148936170212766
0 0.8714574898785425 0.6808510638297872 0.25303643724696356 0.2765957446808511
0 0.5961538461538461 0.6930091185410334 0.340080971659919 0.27811550151975684
0 0.21963562753036436 0.7340425531914894 0.33805668016194335 0.2613981762917933