0 0.4602076124567474 0.26226993865030673 0.314878892733564 0.5245398773006135
0 0.9195501730103807 0.2223926380368098 0.157439446366782 0.4447852760736196
0 0.6643598615916955 0.37423312883435583 0.25951557093425603 0.4263803680981595
0 0.860726643598616 0.34355828220858897 0.2698961937716263 0.4785276073619632
0 0.13494809688581316 0.5 0.2698961937716263 0.4785276073619632
0 0.5406574394463668 0.4601226993865031 0.25259515570934254 0.42024539877300615
0 0.35034602076124566 0.5736196319018405 0.3304498269896194 0.5674846625766872
0 0.9342560553633218 0.5230061349693251 0.12802768166089964 0.5306748466257669
0 0.19204152249134948 0.745398773006135 0.35294117647058826 0.5030674846625767
0 0.49480968858131485 0.7392638036809815 0.2698961937716263 0.5061349693251533
0 0.8477508650519031 0.6365030674846626 0.30103806228373703 0.5858895705521472
0 0.6747404844290658 0.7070552147239264 0.36505190311418684 0.5705521472392638
0 0.3719723183391003 0.8466257668711656 0.2906574394463668 0.3006134969325153
0 0.2664359861591695 0.200920245398773 0.2958477508650519 0.34662576687116564
0 0.5891003460207612 0.17331288343558282 0.2577854671280277 0.34662576687116564
0 0.7811418685121108 0.17638036809815952 0.2577854671280277 0.35276073619631904