0 0.2349137931034483 0.8830645161290323 0.29310344827586204 0.2306451612903226
0 0.4827586206896552 0.8709677419354839 0.41379310344827586 0.25483870967741934
0 0.7952586206896551 0.8564516129032258 0.4051724137931034 0.25806451612903225
0 0.45905172413793105 0.7120967741935483 0.4547413793103448 0.3338709677419355
0 0.17672413793103448 0.7217741935483871 0.32112068965517243 0.35
0 0.7887931034482759 0.6717741935483871 0.41810344827586204 0.3758064516129032
0 0.40948275862068967 0.45725806451612905 0.5905172413793104 0.4661290322580645
0 0.14655172413793102 0.4532258064516129 0.29310344827586204 0.3903225806451613
0 0.771551724137931 0.4088709677419355 0.4525862068965517 0.4306451612903226
0 0.09590517241379311 0.20725806451612902 0.19181034482758622 0.29516129032258065
0 0.3394396551724138 0.1774193548387097 0.6271551724137931 0.3548387096774194
0 0.7327586206896551 0.14758064516129032 0.3922413793103448 0.29516129032258065