0 0.8807870370370371 0.8324652777777778 0.2337962962962963 0.265625
0 0.6284722222222222 0.8741319444444444 0.41435185185185186 0.2482638888888889
0 0.26967592592592593 0.8949652777777778 0.3819444444444444 0.2065972222222222
0 0.8564814814814815 0.6223958333333334 0.2824074074074074 0.3697916666666667
0 0.5486111111111112 0.6857638888888888 0.4791666666666667 0.3506944444444444
0 0.2025462962962963 0.7300347222222222 0.37962962962962965 0.3645833333333333
0 0.4548611111111111 0.4053819444444444 0.5717592592592593 0.4565972222222222
0 0.8194444444444444 0.3046875 0.35648148148148145 0.3940972222222222
0 0.7592592592592593 0.09722222222222222 0.3333333333333333 0.19444444444444445
0 0.3773148148148148 0.13194444444444445 0.6527777777777778 0.2638888888888889
0 0.059027777777777776 0.1753472222222222 0.11805555555555555 0.24305555555555555