0 0.4583333333333333 0.2421875 0.28541666666666665 0.18125
0 0.6885416666666667 0.30625 0.26875 0.1859375
0 0.21770833333333334 0.18046875 0.26666666666666666 0.18125
0 0.8895833333333333 0.38984375 0.21666666666666667 0.2109375
0 0.18020833333333333 0.2359375 0.2791666666666667 0.253125
0 0.38333333333333336 0.32109375 0.33958333333333335 0.2234375
0 0.8635416666666667 0.47421875 0.26875 0.2640625
0 0.675 0.42109375 0.3770833333333333 0.2671875
0 0.2989583333333333 0.41796875 0.45416666666666666 0.3
0 0.09583333333333334 0.3640625 0.19166666666666668 0.265625
0 0.6479166666666667 0.528125 0.4354166666666667 0.290625
0 0.8666666666666667 0.60859375 0.2625 0.3046875
0 0.234375 0.63515625 0.46875 0.4921875
0 0.5729166666666666 0.7578125 0.59375 0.4765625