0 0.5734126984126984 0.23809523809523808 0.12896825396825398 0.09672619047619048
0 0.4632936507936508 0.2700892857142857 0.13293650793650794 0.11011904761904762
0 0.6428571428571429 0.3005952380952381 0.14087301587301587 0.10416666666666667
0 0.32837301587301587 0.3125 0.15079365079365079 0.11011904761904762
0 0.5238095238095238 0.34151785714285715 0.14285714285714285 0.10119047619047619
0 0.21329365079365079 0.35714285714285715 0.14682539682539683 0.1056547619047619
0 0.7192460317460317 0.37202380952380953 0.1488095238095238 0.12351190476190477
0 0.39880952380952384 0.3854166666666667 0.15079365079365079 0.125
0 0.08035714285714286 0.4107142857142857 0.15674603174603174 0.1056547619047619
0 0.5932539682539683 0.4181547619047619 0.14682539682539683 0.11160714285714286
0 0.2718253968253968 0.4419642857142857 0.14285714285714285 0.1130952380952381
0 0.8065476190476191 0.4486607142857143 0.15674603174603174 0.11904761904761904
0 0.4652777777777778 0.4694940476190476 0.1626984126984127 0.12053571428571429
0 0.13392857142857142 0.49255952380952384 0.15873015873015872 0.11904761904761904
0 0.6676587301587301 0.4955357142857143 0.15873015873015872 0.13095238095238096
0 0.3353174603174603 0.5245535714285714 0.16468253968253968 0.125
0 0.8998015873015873 0.5438988095238095 0.18452380952380953 0.12648809523809523
0 0.5386904761904762 0.5632440476190477 0.15873015873015872 0.12351190476190477
0 0.1884920634920635 0.5900297619047619 0.16071428571428573 0.12202380952380952
0 0.7569444444444444 0.5982142857142857 0.17063492063492064 0.12797619047619047
0 0.3898809523809524 0.6220238095238095 0.18452380952380953 0.12797619047619047
0 0.6160714285714286 0.6577380952380952 0.17857142857142858 0.14285714285714285
0 0.25 0.6793154761904762 0.18253968253968253 0.13690476190476192
0 0.8571428571428571 0.7053571428571429 0.18452380952380953 0.14583333333333334
0 0.4573412698412698 0.7276785714285714 0.1865079365079365 0.13988095238095238
0 0.30158730158730157 0.7879464285714286 0.1884920634920635 0.14583333333333334
0 0.7053571428571429 0.7797619047619048 0.20634920634920634 0.14583333333333334
0 0.5456349206349206 0.8430059523809523 0.18055555555555555 0.16220238095238096
0 0.37896825396825395 0.9211309523809523 0.21031746031746032 0.15476190476190477