0 0.6758849557522124 0.35596026490066224 0.16592920353982302 0.11754966887417219
0 0.5796460176991151 0.3824503311258278 0.16150442477876106 0.13079470198675497
0 0.7488938053097345 0.4246688741721854 0.17035398230088494 0.12582781456953643
0 0.4646017699115044 0.42218543046357615 0.1570796460176991 0.11258278145695365
0 0.8219026548672567 0.48923841059602646 0.17035398230088494 0.12582781456953643
0 0.6526548672566371 0.4594370860927152 0.18584070796460178 0.12251655629139073
0 0.3694690265486726 0.45364238410596025 0.17920353982300885 0.13410596026490065
0 0.547566371681416 0.4908940397350993 0.1747787610619469 0.12251655629139073
0 0.7356194690265486 0.5281456953642384 0.16371681415929204 0.11754966887417219
0 0.9092920353982301 0.5728476821192053 0.17256637168141592 0.12748344370860928
0 0.23672566371681417 0.49420529801324503 0.18584070796460178 0.13245033112582782
0 0.4303097345132743 0.5355960264900662 0.18805309734513273 0.1357615894039735
0 0.6316371681415929 0.5753311258278145 0.17920353982300885 0.1357615894039735
0 0.8185840707964602 0.6117549668874173 0.17256637168141592 0.13079470198675497
0 0.9491150442477876 0.6481788079470199 0.07300884955752213 0.11092715231788079
0 0.10287610619469026 0.5339403973509934 0.20575221238938052 0.15066225165562913
0 0.30973451327433627 0.5769867549668874 0.19247787610619468 0.1390728476821192
0 0.7079646017699115 0.6597682119205298 0.18141592920353983 0.13410596026490065
0 0.5199115044247787 0.6266556291390728 0.18805309734513273 0.14072847682119205
0 0.8915929203539823 0.7003311258278145 0.17256637168141592 0.13741721854304637
0 0.16924778761061948 0.6266556291390728 0.2168141592920354 0.15728476821192053
0 0.6073008849557522 0.7110927152317881 0.20353982300884957 0.15066225165562913
0 0.3915929203539823 0.6721854304635762 0.19911504424778761 0.15397350993377484
0 0.7986725663716814 0.7524834437086093 0.19690265486725664 0.1456953642384106
0 0.24668141592920353 0.7251655629139073 0.2345132743362832 0.16225165562913907
0 0.4723451327433628 0.7682119205298014 0.2013274336283186 0.16225165562913907
0 0.6924778761061947 0.8120860927152318 0.21238938053097345 0.15728476821192053
0 0.5630530973451328 0.8774834437086093 0.23008849557522124 0.17052980132450332
0 0.33185840707964603 0.8377483443708609 0.22123893805309736 0.16390728476821192
0 0.4258849557522124 0.9304635761589404 0.21902654867256638 0.1357615894039735