0 0.7710843373493976 0.5707831325301205 0.20281124497991967 0.125
0 0.4226907630522088 0.6204819277108434 0.1827309236947791 0.13403614457831325
0 0.5823293172690763 0.5926204819277109 0.17269076305220885 0.11295180722891567
0 0.2419678714859438 0.6340361445783133 0.20481927710843373 0.14759036144578314
0 0.9156626506024096 0.5271084337349398 0.1646586345381526 0.14759036144578314
0 0.751004016064257 0.5015060240963856 0.23293172690763053 0.16716867469879518
0 0.3413654618473896 0.5594879518072289 0.2289156626506024 0.16415662650602408
0 0.16967871485943775 0.5835843373493976 0.22289156626506024 0.17771084337349397
0 0.5411646586345381 0.5225903614457831 0.2248995983935743 0.16265060240963855
0 0.9176706827309237 0.46536144578313254 0.1606425702811245 0.14156626506024098
0 0.11244979919678715 0.5173192771084337 0.2248995983935743 0.21234939759036145
0 0.2720883534136546 0.48042168674698793 0.26706827309236947 0.1822289156626506
0 0.4959839357429719 0.44653614457831325 0.2570281124497992 0.16265060240963855
0 0.7238955823293173 0.4006024096385542 0.25903614457831325 0.1927710843373494
0 0.9066265060240963 0.3689759036144578 0.17269076305220885 0.1897590361445783
0 0.16164658634538154 0.37123493975903615 0.3232931726907631 0.2545180722891566
0 0.4086345381526104 0.32379518072289154 0.3413654618473896 0.26656626506024095
0 0.6857429718875502 0.25150602409638556 0.3433734939759036 0.2560240963855422