0 0.7208520179372198 0.8846801346801347 0.3789237668161435 0.22727272727272727
0 0.3688340807174888 0.872895622895623 0.3542600896860987 0.25252525252525254
0 0.09192825112107623 0.82996632996633 0.18385650224215247 0.25925925925925924
0 0.7926008968609866 0.6835016835016835 0.4080717488789238 0.31986531986531985
0 0.38228699551569506 0.6540404040404041 0.3968609865470852 0.2878787878787879
0 0.09865470852017937 0.6111111111111112 0.19730941704035873 0.3164983164983165
0 0.413677130044843 0.37457912457912457 0.4641255605381166 0.3838383838383838
0 0.82847533632287 0.3728956228956229 0.33856502242152464 0.3552188552188552
0 0.852017937219731 0.12289562289562289 0.2914798206278027 0.23905723905723905
0 0.4674887892376682 0.09511784511784512 0.594170403587444 0.19023569023569023
0 0.09641255605381166 0.07828282828282829 0.17937219730941703 0.15656565656565657