0 0.5881782945736435 0.7733236151603499 0.16085271317829458 0.1239067055393586
0 0.4941860465116279 0.7361516034985423 0.1744186046511628 0.13119533527696792
0 0.6734496124031008 0.6982507288629738 0.15503875968992248 0.11807580174927114
0 0.7596899224806202 0.6384839650145773 0.16085271317829458 0.12099125364431487
0 0.5755813953488372 0.6588921282798834 0.1434108527131783 0.09912536443148688
0 0.3866279069767442 0.6916909620991254 0.1686046511627907 0.11078717201166181
0 0.6618217054263565 0.5962099125364432 0.17054263565891473 0.12099125364431487
0 0.8372093023255814 0.564868804664723 0.1686046511627907 0.12682215743440234
0 0.29554263565891475 0.6552478134110787 0.1511627906976744 0.12244897959183673
0 0.4757751937984496 0.6231778425655977 0.1744186046511628 0.13556851311953352
0 0.3498062015503876 0.5911078717201166 0.18410852713178294 0.13411078717201166
0 0.9215116279069767 0.4868804664723032 0.15310077519379844 0.12244897959183673
0 0.15891472868217055 0.6202623906705539 0.18023255813953487 0.13994169096209913
0 0.5513565891472868 0.5510204081632653 0.1821705426356589 0.13119533527696792
0 0.7412790697674418 0.5182215743440233 0.17829457364341086 0.12973760932944606
0 0.8401162790697675 0.4358600583090379 0.17635658914728683 0.13556851311953352
0 0.6492248062015504 0.46647230320699706 0.1744186046511628 0.1282798833819242
0 0.2238372093023256 0.5393586005830904 0.1821705426356589 0.1239067055393586
0 0.438953488372093 0.4956268221574344 0.1744186046511628 0.13702623906705538
0 0.7374031007751938 0.3826530612244898 0.20348837209302326 0.1457725947521866
0 0.5377906976744186 0.41180758017492713 0.1937984496124031 0.141399416909621
0 0.312015503875969 0.44752186588921283 0.20155038759689922 0.14868804664723032
0 0.09786821705426356 0.48615160349854225 0.19573643410852712 0.16472303206997085
0 0.6317829457364341 0.3141399416909621 0.2054263565891473 0.15306122448979592
0 0.3992248062015504 0.35276967930029157 0.21705426356589147 0.17638483965014579
0 0.16472868217054262 0.3870262390670554 0.22093023255813954 0.16472303206997085
0 0.5038759689922481 0.24416909620991253 0.23837209302325582 0.17784256559766765
0 0.2625968992248062 0.27988338192419826 0.22868217054263565 0.17784256559766765
0 0.3498062015503876 0.15306122448979592 0.24224806201550386 0.17638483965014579