0 0.8782051282051282 0.19568690095846644 0.23931623931623933 0.28594249201277955
0 0.6420940170940171 0.13019169329073482 0.36752136752136755 0.2571884984025559
0 0.3087606837606838 0.11261980830670927 0.4081196581196581 0.22523961661341854
0 0.5480769230769231 0.2955271565495208 0.4722222222222222 0.3546325878594249
0 0.8290598290598291 0.3817891373801917 0.33760683760683763 0.3546325878594249
0 0.22756410256410256 0.24121405750798722 0.391025641025641 0.3562300319488818
0 0.1388888888888889 0.43450479233226835 0.2777777777777778 0.4249201277955272
0 0.37927350427350426 0.5319488817891374 0.5705128205128205 0.4329073482428115
0 0.7713675213675214 0.6517571884984026 0.452991452991453 0.4281150159744409
0 0.9017094017094017 0.12380191693290735 0.19230769230769232 0.15175718849840256
0 0.6816239316239316 0.06789137380191693 0.32905982905982906 0.13578274760383385
0 0.3952991452991453 0.04233226837060703 0.32905982905982906 0.08466453674121406
0 0.2745726495726496 0.799520766773163 0.5491452991452992 0.3977635782747604