0 0.29952830188679247 0.8689727463312369 0.12106918238993711 0.1761006289308176
0 0.17845911949685533 0.860587002096436 0.11635220125786164 0.13626834381551362
0 0.31761006289308175 0.7683438155136268 0.1289308176100629 0.18134171907756813
0 0.19693396226415094 0.7589098532494759 0.13757861635220126 0.1519916142557652
0 0.4481132075471698 0.6719077568134172 0.14386792452830188 0.17714884696016772
0 0.3400157232704403 0.6593291404612159 0.13128930817610063 0.1792452830188679
0 0.21029874213836477 0.6367924528301887 0.1470125786163522 0.16352201257861634
0 0.4736635220125786 0.550314465408805 0.15487421383647798 0.1970649895178197
0 0.35455974842767296 0.519916142557652 0.14779874213836477 0.20020964360587
0 0.22327044025157233 0.4973794549266247 0.16588050314465408 0.20649895178197064
0 0.5070754716981132 0.41037735849056606 0.15566037735849056 0.22012578616352202
0 0.3781446540880503 0.3805031446540881 0.1611635220125786 0.20754716981132076
0 0.23781446540880502 0.33647798742138363 0.15880503144654087 0.22117400419287211
0 0.4091981132075472 0.2059748427672956 0.18553459119496854 0.2389937106918239
0 0.2562893081761006 0.1640461215932914 0.18946540880503146 0.2641509433962264