0 0.17094017094017094 0.7483974358974359 0.2670940170940171 0.19391025641025642
0 0.38354700854700857 0.7059294871794872 0.27136752136752135 0.1907051282051282
0 0.8685897435897436 0.6514423076923077 0.25213675213675213 0.1971153846153846
0 0.09401709401709402 0.6626602564102564 0.18803418803418803 0.23557692307692307
0 0.5886752136752137 0.6193910256410257 0.3418803418803419 0.25
0 0.29914529914529914 0.625801282051282 0.3247863247863248 0.22435897435897437
0 0.8408119658119658 0.5665064102564102 0.3141025641025641 0.2483974358974359
0 0.18696581196581197 0.5208333333333334 0.37393162393162394 0.30448717948717946
0 0.4946581196581197 0.46955128205128205 0.41025641025641024 0.3076923076923077
0 0.8237179487179487 0.40705128205128205 0.3482905982905983 0.3173076923076923
0 0.10683760683760683 0.3373397435897436 0.21367521367521367 0.42788461538461536
0 0.37393162393162394 0.22435897435897437 0.5363247863247863 0.4342948717948718
0 0.7745726495726496 0.18669871794871795 0.4465811965811966 0.36698717948717946