0 0.8587443946188341 0.10606060606060606 0.20179372197309417 0.21212121212121213
0 0.6199551569506726 0.10185185185185185 0.3834080717488789 0.2037037037037037
0 0.2858744394618834 0.09090909090909091 0.39461883408071746 0.18181818181818182
0 0.6053811659192825 0.2516835016835017 0.4304932735426009 0.3148148148148148
0 0.875560538116592 0.27441077441077444 0.23094170403587444 0.3468013468013468
0 0.226457399103139 0.25252525252525254 0.452914798206278 0.35353535353535354
0 0.6076233183856502 0.5202020202020202 0.5515695067264574 0.44612794612794615
0 0.8766816143497758 0.5606060606060606 0.242152466367713 0.3838383838383838
0 0.21524663677130046 0.5303030303030303 0.4304932735426009 0.4175084175084175
0 0.9013452914798207 0.8265993265993266 0.19282511210762332 0.2962962962962963
0 0.624439461883408 0.8282828282828283 0.6121076233183856 0.3400673400673401
0 0.2040358744394619 0.8316498316498316 0.3632286995515695 0.3333333333333333