0 0.1266233766233766 0.8766233766233766 0.10822510822510822 0.19642857142857142
0 0.5465367965367965 0.8831168831168831 0.3398268398268398 0.2305194805194805
0 0.2683982683982684 0.8701298701298701 0.38961038961038963 0.2564935064935065
0 0.27705627705627706 0.7646103896103896 0.3852813852813853 0.27435064935064934
0 0.5887445887445888 0.7548701298701299 0.4004329004329004 0.30357142857142855
0 0.1038961038961039 0.7378246753246753 0.15151515151515152 0.24512987012987014
0 0.08658008658008658 0.6063311688311688 0.17316017316017315 0.25162337662337664
0 0.6396103896103896 0.609577922077922 0.4458874458874459 0.3198051948051948
0 0.30194805194805197 0.5933441558441559 0.4523809523809524 0.3327922077922078
0 0.711038961038961 0.3814935064935065 0.5735930735930735 0.4383116883116883
0 0.29545454545454547 0.3685064935064935 0.5627705627705628 0.4237012987012987
0 0.08982683982683982 0.33685064935064934 0.17965367965367965 0.3522727272727273
0 0.7283549783549783 0.17694805194805194 0.44805194805194803 0.3538961038961039
0 0.32142857142857145 0.16558441558441558 0.6428571428571429 0.33116883116883117
0 0.1461038961038961 0.9261363636363636 0.10606060606060606 0.1444805194805195
0 0.2846320346320346 0.9277597402597403 0.29653679653679654 0.14123376623376624
0 0.5216450216450217 0.922077922077922 0.29004329004329005 0.1525974025974026