0 0.7724032586558045 0.6056385869565217 0.2968431771894094 0.39877717391304346
0 0.5356415478615071 0.5764266304347826 0.15071283095723015 0.23573369565217392
0 0.6158350305498982 0.47554347826086957 0.20468431771894094 0.2703804347826087
0 0.8780549898167006 0.3953804347826087 0.24287169042769857 0.5760869565217391
0 0.515020366598778 0.3936820652173913 0.14205702647657842 0.19701086956521738
0 0.7018839103869654 0.2951766304347826 0.28665987780040736 0.3763586956521739
0 0.5572810590631364 0.24354619565217392 0.18329938900203666 0.23573369565217392
0 0.8243380855397149 0.1436820652173913 0.35030549898167007 0.25883152173913043
0 0.5957230142566191 0.11175271739130435 0.20264765784114053 0.2235054347826087
0 0.48676171079429736 0.10733695652173914 0.17515274949083504 0.21467391304347827
0 0.5954684317718941 0.8162364130434783 0.14663951120162932 0.23233695652173914
0 0.664714867617108 0.7299592391304348 0.20621181262729124 0.30978260869565216