0 0.3862745098039216 0.8757352941176471 0.17647058823529413 0.13529411764705881
0 0.4931372549019608 0.8360294117647059 0.17254901960784313 0.13088235294117648
0 0.6049019607843137 0.7867647058823529 0.17254901960784313 0.13529411764705881
0 0.7127450980392157 0.736764705882353 0.17058823529411765 0.13676470588235295
0 0.8284313725490197 0.6867647058823529 0.17254901960784313 0.1338235294117647
0 0.3107843137254902 0.8117647058823529 0.17450980392156862 0.1323529411764706
0 0.4264705882352941 0.7661764705882353 0.16862745098039217 0.1264705882352941
0 0.5401960784313725 0.7176470588235294 0.1803921568627451 0.13088235294117648
0 0.6529411764705882 0.663235294117647 0.18235294117647058 0.14558823529411766
0 0.23627450980392156 0.7536764705882353 0.18823529411764706 0.12941176470588237
0 0.7696078431372549 0.6102941176470589 0.1803921568627451 0.13970588235294118
0 0.3588235294117647 0.6985294117647058 0.1803921568627451 0.1338235294117647
0 0.48137254901960785 0.6419117647058824 0.18235294117647058 0.14852941176470588
0 0.5931372549019608 0.5882352941176471 0.1784313725490196 0.13676470588235295
0 0.15294117647058825 0.6772058823529412 0.19607843137254902 0.14705882352941177
0 0.7127450980392157 0.525 0.1843137254901961 0.13529411764705881
0 0.28627450980392155 0.625 0.2019607843137255 0.16029411764705884
0 0.403921568627451 0.5602941176470588 0.19607843137254902 0.1514705882352941
0 0.5284313725490196 0.5029411764705882 0.19019607843137254 0.1426470588235294
0 0.09019607843137255 0.5882352941176471 0.17450980392156862 0.15
0 0.6529411764705882 0.44779411764705884 0.1784313725490196 0.13970588235294118
0 0.19509803921568628 0.5323529411764706 0.20588235294117646 0.15
0 0.3235294117647059 0.4764705882352941 0.21176470588235294 0.16323529411764706
0 0.45784313725490194 0.4139705882352941 0.20784313725490197 0.15294117647058825
0 0.5901960784313726 0.35661764705882354 0.20588235294117646 0.15588235294117647
0 0.10882352941176471 0.4426470588235294 0.21764705882352942 0.17058823529411765
0 0.2411764705882353 0.3720588235294118 0.2235294117647059 0.17352941176470588
0 0.38333333333333336 0.3205882352941177 0.22156862745098038 0.1661764705882353
0 0.5245098039215687 0.24926470588235294 0.22941176470588234 0.17352941176470588