0 0.23413566739606126 0.516058394160584 0.3588621444201313 0.481021897810219
0 0.48440919037199126 0.4467153284671533 0.18654266958424506 0.27883211678832115
0 0.42560175054704596 0.5843065693430657 0.24671772428884026 0.327007299270073
0 0.16903719912472648 0.7259124087591241 0.33807439824945296 0.5467153284671533
0 0.5484135667396062 0.6259124087591241 0.17231947483588622 0.2364963503649635
0 0.3796498905908096 0.7886861313868613 0.34573304157549234 0.4211678832116788
0 0.5404814004376368 0.7981751824817518 0.21991247264770242 0.28613138686131384
0 0.2828227571115974 0.9193430656934306 0.39059080962800874 0.15985401459854015
0 0.5273522975929978 0.9051094890510949 0.2286652078774617 0.18832116788321168
0 0.6411378555798687 0.8843065693430657 0.19967177242888404 0.21386861313868613
0 0.3662472647702407 0.22554744525547446 0.18161925601750548 0.27445255474452557
0 0.3153719912472648 0.3434306569343066 0.25328227571115974 0.3686131386861314