0 0.8864628820960698 0.15604575163398693 0.22270742358078602 0.22058823529411764
0 0.38973799126637554 0.14133986928104575 0.31222707423580787 0.21405228758169934
0 0.6724890829694323 0.1650326797385621 0.3646288209606987 0.23039215686274508
0 0.6550218340611353 0.27124183006535946 0.3558951965065502 0.24673202614379086
0 0.3406113537117904 0.272875816993464 0.36681222707423583 0.2777777777777778
0 0.8842794759825328 0.29983660130718953 0.22707423580786026 0.26633986928104575
0 0.8864628820960698 0.434640522875817 0.22270742358078602 0.2679738562091503
0 0.2838427947598253 0.41748366013071897 0.4104803493449782 0.2908496732026144
0 0.6233624454148472 0.44362745098039214 0.4148471615720524 0.3022875816993464
0 0.23253275109170304 0.6462418300653595 0.4650655021834061 0.4035947712418301
0 0.618995633187773 0.6699346405228758 0.5152838427947598 0.3872549019607843
0 0.87882096069869 0.7066993464052288 0.2314410480349345 0.35947712418300654
0 0.18231441048034935 0.8423202614379085 0.3646288209606987 0.27941176470588236
0 0.6058951965065502 0.8668300653594772 0.6222707423580786 0.2630718954248366
0 0.8733624454148472 0.10620915032679738 0.24890829694323144 0.1568627450980392
0 0.6550218340611353 0.08415032679738563 0.2838427947598253 0.16830065359477125
0 0.4126637554585153 0.08660130718954248 0.2794759825327511 0.17320261437908496