0 0.3759765625 0.2602639296187683 0.22265625 0.1656891495601173
0 0.5146484375 0.31085043988269795 0.220703125 0.15542521994134897
0 0.66015625 0.3563049853372434 0.220703125 0.15542521994134897
0 0.8095703125 0.41055718475073316 0.201171875 0.13929618768328444
0 0.80859375 0.4149560117302053 0.19140625 0.1378299120234604
0 0.916015625 0.4809384164222874 0.1640625 0.15249266862170088
0 0.30859375 0.3159824046920821 0.240234375 0.17008797653958943
0 0.6220703125 0.42595307917888564 0.228515625 0.15395894428152493
0 0.4638671875 0.3819648093841642 0.228515625 0.1627565982404692
0 0.76953125 0.4970674486803519 0.224609375 0.15395894428152493
0 0.9052734375 0.5689149560117303 0.185546875 0.16715542521994134
0 0.392578125 0.44501466275659823 0.251953125 0.18181818181818182
0 0.197265625 0.3870967741935484 0.248046875 0.17888563049853373
0 0.572265625 0.5161290322580645 0.255859375 0.18621700879765396
0 0.7431640625 0.5806451612903226 0.2265625 0.14809384164222875
0 0.8857421875 0.6495601173020528 0.205078125 0.18475073313782991
0 0.1318359375 0.47580645161290325 0.263671875 0.23020527859237536
0 0.291015625 0.5505865102639296 0.298828125 0.22434017595307917
0 0.4990234375 0.6275659824046921 0.322265625 0.24780058651026393
0 0.693359375 0.6972140762463344 0.322265625 0.25806451612903225
0 0.837890625 0.7624633431085044 0.21875 0.22287390029325513
0 0.076171875 0.6136363636363636 0.15234375 0.2565982404692082
0 0.1748046875 0.6788856304985337 0.333984375 0.2595307917888563
0 0.4091796875 0.7727272727272727 0.361328125 0.2873900293255132
0 0.6337890625 0.8577712609970675 0.361328125 0.28152492668621704
0 0.1240234375 0.8196480938416423 0.248046875 0.25513196480938416
0 0.3212890625 0.8951612903225806 0.392578125 0.20674486803519063
0 0.607421875 0.9486803519061584 0.37890625 0.09970674486803519