0 0.5445804195804196 0.2795031055900621 0.3041958041958042 0.5248447204968945
0 0.07692307692307693 0.2748447204968944 0.15384615384615385 0.4751552795031056
0 0.34265734265734266 0.422360248447205 0.2534965034965035 0.41304347826086957
0 0.14335664335664336 0.40993788819875776 0.26223776223776224 0.4658385093167702
0 0.8741258741258742 0.4968944099378882 0.24825174825174826 0.4658385093167702
0 0.46940559440559443 0.4984472049689441 0.2465034965034965 0.40993788819875776
0 0.6652097902097902 0.593167701863354 0.32167832167832167 0.5527950310559007
0 0.06643356643356643 0.5962732919254659 0.13286713286713286 0.5279503105590062
0 0.826048951048951 0.7546583850931677 0.3409090909090909 0.484472049689441
0 0.5253496503496503 0.7624223602484472 0.263986013986014 0.468944099378882
0 0.1555944055944056 0.6863354037267081 0.3111888111888112 0.5341614906832298
0 0.34353146853146854 0.7406832298136646 0.3548951048951049 0.515527950310559
0 0.6547202797202797 0.8633540372670807 0.28496503496503495 0.2670807453416149
0 0.7395104895104895 0.1972049689440994 0.2937062937062937 0.35403726708074534
0 0.4125874125874126 0.18788819875776397 0.2517482517482518 0.37577639751552794
0 0.2194055944055944 0.20186335403726707 0.25 0.40372670807453415