0 0.10758196721311475 0.20461538461538462 0.2151639344262295 0.20923076923076922
0 0.5747950819672131 0.20307692307692307 0.29508196721311475 0.20307692307692307
0 0.3094262295081967 0.21923076923076923 0.3442622950819672 0.2169230769230769
0 0.3206967213114754 0.31846153846153846 0.33401639344262296 0.2323076923076923
0 0.6147540983606558 0.32846153846153847 0.3442622950819672 0.26153846153846155
0 0.10553278688524591 0.3384615384615385 0.21106557377049182 0.2523076923076923
0 0.1014344262295082 0.4646153846153846 0.2028688524590164 0.2523076923076923
0 0.6629098360655737 0.4653846153846154 0.38524590163934425 0.27384615384615385
0 0.3422131147540984 0.4815384615384615 0.39139344262295084 0.28615384615384615
0 0.7315573770491803 0.6815384615384615 0.4918032786885246 0.3769230769230769
0 0.33811475409836067 0.6946153846153846 0.48360655737704916 0.36615384615384616
0 0.10450819672131148 0.72 0.1885245901639344 0.33692307692307694
0 0.7807377049180327 0.8638461538461538 0.4344262295081967 0.26
0 0.3473360655737705 0.8776923076923077 0.5717213114754098 0.24153846153846154
0 0.12192622950819672 0.13076923076923078 0.24385245901639344 0.20615384615384616
0 0.32684426229508196 0.12384615384615384 0.27049180327868855 0.19076923076923077
0 0.555327868852459 0.13 0.26229508196721313 0.20461538461538462