0 0.6670258620689655 0.6448220064724919 0.1314655172413793 0.09385113268608414
0 0.5678879310344828 0.6432038834951457 0.1314655172413793 0.09870550161812297
0 0.4644396551724138 0.6375404530744336 0.13577586206896552 0.10841423948220065
0 0.3577586206896552 0.6318770226537217 0.1400862068965517 0.10679611650485436
0 0.2650862068965517 0.6262135922330098 0.12931034482758622 0.09546925566343042
0 0.6842672413793104 0.5776699029126213 0.14224137931034483 0.10355987055016182
0 0.5765086206896551 0.5736245954692557 0.14224137931034483 0.10355987055016182
0 0.47198275862068967 0.5720064724919094 0.14439655172413793 0.0970873786407767
0 0.3739224137931034 0.563915857605178 0.1314655172413793 0.09870550161812297
0 0.25646551724137934 0.5606796116504854 0.1400862068965517 0.10194174757281553
0 0.7036637931034483 0.5080906148867314 0.14655172413793102 0.10517799352750809
0 0.59375 0.5064724919093851 0.1400862068965517 0.10679611650485436
0 0.4838362068965517 0.5040453074433657 0.13793103448275862 0.10679611650485436
0 0.3739224137931034 0.4935275080906149 0.14870689655172414 0.11326860841423948
0 0.2661637931034483 0.4894822006472492 0.14224137931034483 0.11003236245954692
0 0.7230603448275862 0.4368932038834951 0.13577586206896552 0.10194174757281553
0 0.6120689655172413 0.4279935275080906 0.14870689655172414 0.11326860841423948
0 0.49461206896551724 0.4223300970873786 0.1400862068965517 0.11326860841423948
0 0.38362068965517243 0.4279935275080906 0.1314655172413793 0.11165048543689321
0 0.2672413793103448 0.41504854368932037 0.14439655172413793 0.10679611650485436
0 0.7435344827586207 0.35436893203883496 0.14655172413793102 0.11165048543689321
0 0.6293103448275862 0.35194174757281554 0.14439655172413793 0.11488673139158576
0 0.5129310344827587 0.34627831715210355 0.15517241379310345 0.1262135922330097
0 0.3890086206896552 0.3365695792880259 0.15517241379310345 0.12459546925566344
0 0.27478448275862066 0.32928802588996764 0.15732758620689655 0.11326860841423948
0 0.7737068965517241 0.2702265372168285 0.15948275862068967 0.12297734627831715
0 0.6422413793103449 0.2686084142394822 0.15732758620689655 0.1262135922330097
0 0.5323275862068966 0.2532362459546926 0.17456896551724138 0.1262135922330097
0 0.39762931034482757 0.25 0.15517241379310345 0.11974110032362459
0 0.27478448275862066 0.23624595469255663 0.15732758620689655 0.11326860841423948