0 0.23402674591381872 0.8371287128712871 0.16047548291233285 0.19801980198019803
0 0.4814264487369985 0.905940594059406 0.1738484398216939 0.18613861386138614
0 0.6010401188707281 0.9247524752475248 0.1738484398216939 0.1485148514851485
0 0.7329123328380386 0.949009900990099 0.18350668647845467 0.1
0 0.35698365527488857 0.8707920792079208 0.16196136701337296 0.21485148514851485
0 0.24702823179791977 0.695049504950495 0.18053491827637444 0.2306930693069307
0 0.12518573551263001 0.6465346534653466 0.17533432392273401 0.2306930693069307
0 0.5040861812778603 0.7866336633663367 0.17979197622585438 0.22673267326732674
0 0.37592867756315007 0.7336633663366336 0.1760772659732541 0.23267326732673269
0 0.7756315007429421 0.8747524752475248 0.1961367013372957 0.2485148514851485
0 0.637444279346211 0.8193069306930693 0.19093610698365526 0.25544554455445545
0 0.26671619613670133 0.5331683168316832 0.1901931649331352 0.2514851485148515
0 0.39450222882615155 0.5688118811881188 0.18573551263001487 0.2524752475247525
0 0.5345468053491828 0.6202970297029703 0.1924219910846954 0.24752475247524752
0 0.10326894502228826 0.799009900990099 0.17161961367013373 0.21683168316831683