0 0.7150455927051672 0.7788018433179723 0.14285714285714285 0.2304147465437788
0 0.4582066869300912 0.8087557603686636 0.1762917933130699 0.23963133640552994
0 0.8199088145896657 0.7534562211981567 0.14285714285714285 0.20506912442396313
0 0.6299392097264438 0.7476958525345622 0.1534954407294833 0.24193548387096775
0 0.3617021276595745 0.7603686635944701 0.1595744680851064 0.25806451612903225
0 0.540273556231003 0.7258064516129032 0.13069908814589665 0.22580645161290322
0 0.7689969604863222 0.6417050691244239 0.15653495440729484 0.23271889400921658
0 0.8670212765957447 0.5794930875576036 0.1762917933130699 0.25806451612903225
0 0.5896656534954408 0.6048387096774194 0.1413373860182371 0.2304147465437788
0 0.3191489361702128 0.618663594470046 0.1337386018237082 0.19815668202764977
0 0.41413373860182373 0.576036866359447 0.1519756838905775 0.2995391705069124
0 0.7629179331306991 0.5288018433179723 0.15653495440729484 0.2119815668202765
0 0.5053191489361702 0.5576036866359447 0.135258358662614 0.23732718894009217
0 0.6496960486322189 0.4827188940092166 0.14437689969604864 0.2465437788018433
0 0.9262917933130699 0.41589861751152074 0.14437689969604864 0.22350230414746544
0 0.8305471124620061 0.4274193548387097 0.16109422492401215 0.21889400921658986
0 0.5653495440729484 0.4539170506912442 0.1413373860182371 0.21428571428571427
0 0.7332826747720365 0.4216589861751152 0.1398176291793313 0.21889400921658986
0 0.3404255319148936 0.4596774193548387 0.15501519756838905 0.22119815668202766
0 0.479483282674772 0.4182027649769585 0.1656534954407295 0.23963133640552994
0 0.5965045592705167 0.33064516129032256 0.1778115501519757 0.31336405529953915
0 0.8791793313069909 0.2799539170506912 0.1534954407294833 0.2465437788018433
0 0.6930091185410334 0.28225806451612906 0.1762917933130699 0.3087557603686636
0 0.7933130699088146 0.2684331797235023 0.16717325227963525 0.2626728110599078
0 0.4817629179331307 0.29147465437788017 0.16869300911854104 0.2465437788018433
0 0.3731003039513678 0.2488479262672811 0.18085106382978725 0.29493087557603687
0 0.21808510638297873 0.20046082949308755 0.17933130699088146 0.2903225806451613
0 0.6261398176291794 0.14516129032258066 0.1595744680851064 0.2695852534562212
0 0.5357142857142857 0.14170506912442396 0.1778115501519757 0.2834101382488479
0 0.7203647416413373 0.12672811059907835 0.17325227963525835 0.20046082949308755
0 0.44756838905775076 0.9182027649769585 0.1717325227963526 0.15898617511520738
0 0.6382978723404256 0.8974654377880185 0.1458966565349544 0.20046082949308755
0 0.540273556231003 0.8882488479262672 0.1474164133738602 0.21889400921658986