0 0.5235507246376812 0.2532258064516129 0.3007246376811594 0.5064516129032258
0 0.059782608695652176 0.39838709677419354 0.11956521739130435 0.4612903225806452
0 0.3342391304347826 0.4612903225806452 0.25181159420289856 0.4032258064516129
0 0.13134057971014493 0.5193548387096775 0.25905797101449274 0.45806451612903226
0 0.8786231884057971 0.3532258064516129 0.2391304347826087 0.45483870967741935
0 0.47192028985507245 0.4935483870967742 0.24456521739130435 0.4
0 0.6820652173913043 0.5225806451612903 0.3170289855072464 0.5419354838709678
0 0.0661231884057971 0.7338709677419355 0.1322463768115942 0.5193548387096775
0 0.8469202898550725 0.635483870967742 0.302536231884058 0.4838709677419355
0 0.5588768115942029 0.7548387096774194 0.25905797101449274 0.4838709677419355
0 0.1693840579710145 0.7661290322580645 0.3170289855072464 0.4612903225806452
0 0.3695652173913043 0.7661290322580645 0.35144927536231885 0.4612903225806452
0 0.7028985507246377 0.8306451612903226 0.27898550724637683 0.3
0 0.7119565217391305 0.13064516129032258 0.29347826086956524 0.26129032258064516
0 0.3786231884057971 0.19193548387096773 0.24818840579710144 0.38064516129032255
0 0.18115942028985507 0.2645161290322581 0.24456521739130435 0.4258064516129032