0 0.5989795918367347 0.24464831804281345 0.14285714285714285 0.10703363914373089
0 0.4806122448979592 0.26376146788990823 0.1489795918367347 0.12079510703363915
0 0.6561224489795918 0.3165137614678899 0.15714285714285714 0.1162079510703364
0 0.3346938775510204 0.290519877675841 0.1673469387755102 0.12079510703363915
0 0.5265306122448979 0.3440366972477064 0.15918367346938775 0.11314984709480122
0 0.20816326530612245 0.32186544342507645 0.16326530612244897 0.11773700305810397
0 0.7193877551020408 0.3983180428134557 0.1653061224489796 0.13608562691131498
0 0.38979591836734695 0.3738532110091743 0.1673469387755102 0.13761467889908258
0 0.08061224489795918 0.3623853211009174 0.13877551020408163 0.1162079510703364
0 0.5816326530612245 0.42966360856269115 0.16122448979591836 0.12385321100917432
0 0.25 0.4151376146788991 0.15918367346938775 0.12538226299694188
0 0.7908163265306123 0.48700305810397554 0.17346938775510204 0.13149847094801223
0 0.43979591836734694 0.46636085626911317 0.17959183673469387 0.13302752293577982
0 0.09897959183673469 0.4503058103975535 0.17551020408163265 0.13149847094801223
0 0.639795918367347 0.5175840978593272 0.17755102040816326 0.1437308868501529
0 0.29591836734693877 0.5068807339449541 0.1816326530612245 0.13761467889908258
0 0.8663265306122448 0.5948012232415902 0.20204081632653062 0.14067278287461774
0 0.49489795918367346 0.5703363914373089 0.17551020408163265 0.13608562691131498
0 0.1326530612244898 0.5558103975535168 0.17755102040816326 0.1345565749235474
0 0.7081632653061225 0.632262996941896 0.18775510204081633 0.14067278287461774
0 0.3306122448979592 0.6123853211009175 0.20204081632653062 0.14220183486238533
0 0.5530612244897959 0.6758409785932722 0.2 0.15749235474006115
0 0.17653061224489797 0.6536697247706422 0.20204081632653062 0.15137614678899083
0 0.7877551020408163 0.7530581039755352 0.20612244897959184 0.16055045871559634
0 0.376530612244898 0.7270642201834863 0.20612244897959184 0.154434250764526
0 0.20612244897959184 0.7706422018348624 0.21020408163265306 0.1620795107033639
0 0.6173469387755102 0.8103975535168195 0.22857142857142856 0.1636085626911315
0 0.4418367346938776 0.8555045871559633 0.20204081632653062 0.17737003058103976
0 0.25612244897959185 0.908256880733945 0.23061224489795917 0.16055045871559634