0 0.8137860082304527 0.8320433436532507 0.3065843621399177 0.28637770897832815
0 0.5493827160493827 0.8575851393188855 0.37448559670781895 0.26625386996904027
0 0.22839506172839505 0.8552631578947368 0.4156378600823045 0.2739938080495356
0 0.49691358024691357 0.6880804953560371 0.48148148148148145 0.3637770897832817
0 0.8024691358024691 0.6478328173374613 0.39094650205761317 0.3668730650154799
0 0.1934156378600823 0.705108359133127 0.3868312757201646 0.37306501547987614
0 0.147119341563786 0.5123839009287926 0.294238683127572 0.43034055727554177
0 0.3888888888888889 0.4419504643962848 0.5843621399176955 0.4458204334365325
0 0.7767489711934157 0.38080495356037153 0.44238683127572015 0.43962848297213625
0 0.8189300411522634 0.9125386996904025 0.2551440329218107 0.17182662538699692
0 0.5823045267489712 0.9264705882352942 0.345679012345679 0.14396284829721362
0 0.30349794238683125 0.9318885448916409 0.3395061728395062 0.13312693498452013
0 0.33024691358024694 0.18808049535603716 0.6111111111111112 0.3761609907120743