0 0.9452054794520548 0.1464041095890411 0.1050228310502283 0.24143835616438356
0 0.7534246575342466 0.11301369863013698 0.3812785388127854 0.21746575342465754
0 0.4189497716894977 0.07705479452054795 0.3995433789954338 0.1541095890410959
0 0.6963470319634704 0.2688356164383562 0.4315068493150685 0.3167808219178082
0 0.9223744292237442 0.3304794520547945 0.1506849315068493 0.3493150684931507
0 0.3036529680365297 0.2131849315068493 0.4817351598173516 0.3527397260273973
0 0.6301369863013698 0.5376712328767124 0.5525114155251142 0.4469178082191781
0 0.8835616438356164 0.6181506849315068 0.228310502283105 0.386986301369863
0 0.22488584474885845 0.488013698630137 0.4497716894977169 0.4212328767123288
0 0.860730593607306 0.8698630136986302 0.2237442922374429 0.2568493150684932
0 0.5662100456621004 0.8381849315068494 0.6164383561643836 0.3202054794520548
0 0.16210045662100456 0.7996575342465754 0.3242009132420091 0.3595890410958904