0 0.5806451612903226 0.7552870090634441 0.1875 0.13141993957703926
0 0.4122983870967742 0.7348942598187311 0.19959677419354838 0.13595166163141995
0 0.7540322580645161 0.770392749244713 0.18951612903225806 0.1540785498489426
0 0.23891129032258066 0.7084592145015106 0.1935483870967742 0.1268882175226586
0 0.08568548387096774 0.6578549848942599 0.17137096774193547 0.12537764350453173
0 0.6129032258064516 0.6948640483383686 0.1875 0.11782477341389729
0 0.8185483870967742 0.7145015105740181 0.21370967741935484 0.16767371601208458
0 0.4213709677419355 0.6676737160120846 0.20766129032258066 0.13141993957703926
0 0.23891129032258066 0.6336858006042296 0.1935483870967742 0.13746223564954682
0 0.07762096774193548 0.5838368580060423 0.15524193548387097 0.14954682779456194
0 0.8901209677419355 0.6555891238670695 0.1935483870967742 0.17220543806646527
0 0.6673387096774194 0.6306646525679759 0.23588709677419356 0.14954682779456194
0 0.4566532258064516 0.5876132930513596 0.2399193548387097 0.15709969788519637
0 0.23588709677419356 0.5490936555891238 0.23387096774193547 0.1510574018126888
0 0.07358870967741936 0.5015105740181269 0.14717741935483872 0.15709969788519637
0 0.9203629032258065 0.5490936555891238 0.15524193548387097 0.23413897280966767
0 0.7610887096774194 0.5241691842900302 0.2862903225806452 0.18882175226586104
0 0.23286290322580644 0.4501510574018127 0.2782258064516129 0.21601208459214502
0 0.4889112903225806 0.4735649546827795 0.2782258064516129 0.18126888217522658
0 0.06451612903225806 0.38972809667673713 0.12903225806451613 0.20694864048338368
0 0.844758064516129 0.3851963746223565 0.3064516129032258 0.23564954682779457
0 0.5403225806451613 0.32628398791540786 0.34475806451612906 0.26586102719033233
0 0.23487903225806453 0.2688821752265861 0.3487903225806452 0.27492447129909364
0 0.8870967741935484 0.18277945619335348 0.2217741935483871 0.30513595166163143
0 0.6209677419354839 0.1404833836858006 0.4596774193548387 0.2809667673716012
0 0.24193548387096775 0.09667673716012085 0.3629032258064516 0.1933534743202417