0 0.8613445378151261 0.7979559748427673 0.27310924369747897 0.2783018867924528
0 0.6050420168067226 0.8584905660377359 0.3592436974789916 0.25
0 0.2846638655462185 0.8805031446540881 0.39705882352941174 0.2358490566037736
0 0.5168067226890757 0.6949685534591195 0.46008403361344535 0.3443396226415094
0 0.8140756302521008 0.6147798742138365 0.36764705882352944 0.3522012578616352
0 0.20798319327731093 0.7437106918238994 0.3634453781512605 0.34591194968553457
0 0.125 0.5526729559748428 0.25 0.41352201257861637
0 0.3560924369747899 0.45990566037735847 0.5546218487394958 0.42138364779874216
0 0.7615546218487395 0.3474842767295597 0.4726890756302521 0.42452830188679247
0 0.8823529411764706 0.8781446540880503 0.23109243697478993 0.1650943396226415
0 0.6460084033613446 0.9276729559748428 0.32983193277310924 0.14150943396226415
0 0.3644957983193277 0.9504716981132075 0.32983193277310924 0.0959119496855346
0 0.26365546218487396 0.19261006289308177 0.5273109243697479 0.38522012578616355