0 0.3108108108108108 0.15287162162162163 0.45495495495495497 0.30574324324324326
0 0.6576576576576577 0.17820945945945946 0.42117117117117114 0.3108108108108108
0 0.9042792792792793 0.22550675675675674 0.18693693693693694 0.2989864864864865
0 0.2376126126126126 0.36908783783783783 0.4752252252252252 0.38682432432432434
0 0.6385135135135135 0.40118243243243246 0.4774774774774775 0.34966216216216217
0 0.8896396396396397 0.44172297297297297 0.21621621621621623 0.34966216216216217
0 0.6013513513513513 0.6815878378378378 0.5720720720720721 0.4543918918918919
0 0.20157657657657657 0.6790540540540541 0.40315315315315314 0.4155405405405405
0 0.17004504504504506 0.8775337837837838 0.3400900900900901 0.20439189189189189
0 0.5540540540540541 0.9079391891891891 0.6306306306306306 0.18074324324324326
0 0.8558558558558559 0.9434121621621622 0.0990990990990991 0.1097972972972973