0 0.5137130801687764 0.7365506329113924 0.16877637130801687 0.13924050632911392
0 0.4040084388185654 0.6875 0.189873417721519 0.14556962025316456
0 0.290084388185654 0.629746835443038 0.20675105485232068 0.14240506329113925
0 0.6065400843881856 0.6811708860759493 0.18565400843881857 0.14715189873417722
0 0.1719409282700422 0.564873417721519 0.189873417721519 0.14082278481012658
0 0.48628691983122363 0.6194620253164557 0.17088607594936708 0.12341772151898735
0 0.0770042194092827 0.5007911392405063 0.1540084388185654 0.1281645569620253
0 0.36075949367088606 0.5617088607594937 0.20675105485232068 0.14873417721518986
0 0.70042194092827 0.6170886075949367 0.21308016877637131 0.15031645569620253
0 0.24050632911392406 0.49050632911392406 0.1940928270042194 0.14715189873417722
0 0.5717299578059072 0.5569620253164557 0.21308016877637131 0.16455696202531644
0 0.1149789029535865 0.41930379746835444 0.20042194092827004 0.15031645569620253
0 0.44936708860759494 0.48813291139240506 0.21940928270042195 0.16772151898734178
0 0.8006329113924051 0.5498417721518988 0.2109704641350211 0.1629746835443038
0 0.3217299578059072 0.41060126582278483 0.23839662447257384 0.17563291139240506
0 0.6835443037974683 0.4810126582278481 0.22151898734177214 0.1550632911392405
0 0.18248945147679324 0.3370253164556962 0.24472573839662448 0.17246835443037975
0 0.5432489451476793 0.40189873417721517 0.22362869198312235 0.1661392405063291
0 0.9018987341772152 0.47468354430379744 0.19198312236286919 0.17088607594936708
0 0.40717299578059074 0.3299050632911392 0.2468354430379747 0.18829113924050633
0 0.7985232067510548 0.3916139240506329 0.22784810126582278 0.17246835443037975
0 0.2626582278481013 0.24050632911392406 0.25738396624472576 0.18670886075949367
0 0.6487341772151899 0.31408227848101267 0.25316455696202533 0.1930379746835443
0 0.9662447257383966 0.370253164556962 0.06329113924050633 0.189873417721519
0 0.509493670886076 0.22626582278481014 0.2489451476793249 0.1819620253164557
0 0.8945147679324894 0.2935126582278481 0.20675105485232068 0.21044303797468356
0 0.35548523206751054 0.12895569620253164 0.2616033755274262 0.19936708860759494
0 0.7911392405063291 0.19778481012658228 0.2721518987341772 0.21044303797468356
0 0.6213080168776371 0.10284810126582279 0.2679324894514768 0.20569620253164558
0 0.44936708860759494 0.05221518987341772 0.2616033755274262 0.10443037974683544