0 0.11431623931623931 0.1597444089456869 0.22863247863247863 0.20447284345047922
0 0.6132478632478633 0.17252396166134185 0.29273504273504275 0.19808306709265175
0 0.3344017094017094 0.18130990415335463 0.3418803418803419 0.2108626198083067
0 0.3418803418803419 0.28594249201277955 0.3333333333333333 0.2268370607028754
0 0.6485042735042735 0.3035143769968051 0.3418803418803419 0.2571884984025559
0 0.10897435897435898 0.2995207667731629 0.21794871794871795 0.2507987220447284
0 0.1014957264957265 0.43130990415335463 0.202991452991453 0.2523961661341853
0 0.6912393162393162 0.4472843450479233 0.38247863247863245 0.268370607028754
0 0.35683760683760685 0.45527156549520764 0.38675213675213677 0.2795527156549521
0 0.7521367521367521 0.6741214057507987 0.48717948717948717 0.3722044728434505
0 0.3408119658119658 0.6765175718849841 0.47649572649572647 0.35942492012779553
0 0.09294871794871795 0.6980830670926518 0.17735042735042736 0.3450479233226837
0 0.7895299145299145 0.8674121405750799 0.4166666666666667 0.2523961661341853
0 0.3344017094017094 0.8761980830670927 0.5918803418803419 0.24440894568690097
0 0.13141025641025642 0.10143769968051118 0.26282051282051283 0.16773162939297126
0 0.3579059829059829 0.08945686900958466 0.27136752136752135 0.17891373801916932
0 0.5972222222222222 0.09904153354632587 0.25854700854700857 0.19808306709265175