0 0.0708955223880597 0.4101123595505618 0.1417910447761194 0.4606741573033708
0 0.878731343283582 0.37640449438202245 0.23507462686567165 0.39325842696629215
0 0.45149253731343286 0.34269662921348315 0.30970149253731344 0.449438202247191
0 0.16044776119402984 0.2303370786516854 0.3208955223880597 0.4606741573033708
0 0.6585820895522388 0.21067415730337077 0.33955223880597013 0.4101123595505618
0 0.8507462686567164 0.15730337078651685 0.291044776119403 0.2808988764044944
0 0.7406716417910447 0.7893258426966292 0.30223880597014924 0.4101123595505618
0 0.5261194029850746 0.6882022471910112 0.31343283582089554 0.3595505617977528
0 0.8955223880597015 0.6769662921348315 0.20149253731343283 0.3258426966292135
0 0.24440298507462688 0.5421348314606742 0.29850746268656714 0.398876404494382
0 0.7220149253731343 0.5028089887640449 0.2873134328358209 0.4044943820224719