0 0.425 0.2775974025974026 0.14782608695652175 0.125
0 0.5489130434782609 0.3125 0.1673913043478261 0.12987012987012986
0 0.6782608695652174 0.3555194805194805 0.18695652173913044 0.12337662337662338
0 0.34456521739130436 0.3457792207792208 0.16304347826086957 0.1314935064935065
0 0.8130434782608695 0.4050324675324675 0.16956521739130434 0.125
0 0.4815217391304348 0.39204545454545453 0.15217391304347827 0.10876623376623376
0 0.9282608695652174 0.4577922077922078 0.1391304347826087 0.11363636363636363
0 0.6217391304347826 0.43344155844155846 0.18478260869565216 0.12987012987012986
0 0.26413043478260867 0.42288961038961037 0.19130434782608696 0.1314935064935065
0 0.7608695652173914 0.48944805194805197 0.17173913043478262 0.12987012987012986
0 0.4097826086956522 0.4667207792207792 0.1891304347826087 0.1461038961038961
0 0.9054347826086957 0.5446428571428571 0.1782608695652174 0.1331168831168831
0 0.55 0.5194805194805194 0.1934782608695652 0.14935064935064934
0 0.1782608695652174 0.5048701298701299 0.18695652173913044 0.1444805194805195
0 0.6978260869565217 0.5811688311688312 0.21304347826086956 0.15422077922077923
0 0.3141304347826087 0.5584415584415584 0.2 0.13474025974025974
0 0.8565217391304348 0.6371753246753247 0.21956521739130436 0.15097402597402598
0 0.475 0.6193181818181818 0.2 0.1461038961038961
0 0.0891304347826087 0.5965909090909091 0.17391304347826086 0.15097402597402598
0 0.6304347826086957 0.6737012987012987 0.21956521739130436 0.1672077922077922
0 0.2184782608695652 0.663961038961039 0.20217391304347826 0.1525974025974026
0 0.7989130434782609 0.7451298701298701 0.23043478260869565 0.16396103896103897
0 0.38913043478260867 0.7224025974025974 0.22391304347826088 0.17207792207792208
0 0.03369565217391304 0.7126623376623377 0.06304347826086956 0.18506493506493507
0 0.5510869565217391 0.7922077922077922 0.2217391304347826 0.16071428571428573
0 0.11739130434782609 0.7792207792207793 0.22391304347826088 0.18831168831168832
0 0.7304347826086957 0.8701298701298701 0.2326086956521739 0.17694805194805194
0 0.2717391304347826 0.8587662337662337 0.24130434782608695 0.18668831168831168
0 0.46847826086956523 0.9196428571428571 0.23695652173913043 0.15746753246753248
0 0.6597826086956522 0.961038961038961 0.25 0.07467532467532467