0 0.390224358974359 0.9646680942184154 0.1362179487179487 0.06852248394004283
0 0.26842948717948717 0.9908993576017131 0.1266025641025641 0.016059957173447537
0 0.39142628205128205 0.9100642398286938 0.1482371794871795 0.1777301927194861
0 0.2704326923076923 0.9325481798715204 0.1530448717948718 0.13276231263383298
0 0.5032051282051282 0.7858672376873662 0.16105769230769232 0.20342612419700215
0 0.3942307692307692 0.8088865096359743 0.14903846153846154 0.20342612419700215
0 0.26161858974358976 0.8292291220556746 0.16346153846153846 0.1905781584582441
0 0.5056089743589743 0.6568522483940042 0.17387820512820512 0.2259100642398287
0 0.38261217948717946 0.6659528907922913 0.1674679487179487 0.2259100642398287
0 0.2483974358974359 0.6862955032119914 0.1875 0.2366167023554604
0 0.5132211538461539 0.5069593147751607 0.1778846153846154 0.24839400428265523
0 0.38060897435897434 0.5203426124197003 0.18269230769230768 0.2366167023554604
0 0.23317307692307693 0.5224839400428265 0.18108974358974358 0.2494646680942184
0 0.37900641025641024 0.3361884368308351 0.2091346153846154 0.27301927194860814
0 0.21955128205128205 0.34528907922912205 0.21634615384615385 0.2987152034261242