0 0.15995762711864406 0.2714285714285714 0.1440677966101695 0.11587301587301588
0 0.4067796610169492 0.29444444444444445 0.1504237288135593 0.11904761904761904
0 0.2849576271186441 0.2841269841269841 0.15254237288135594 0.10634920634920635
0 0.5296610169491526 0.3126984126984127 0.1461864406779661 0.12698412698412698
0 0.6472457627118644 0.3333333333333333 0.13771186440677965 0.11428571428571428
0 0.13241525423728814 0.3484126984126984 0.163135593220339 0.11746031746031746
0 0.3951271186440678 0.3738095238095238 0.163135593220339 0.12380952380952381
0 0.5127118644067796 0.3880952380952381 0.15466101694915255 0.11904761904761904
0 0.263771186440678 0.36904761904761907 0.1461864406779661 0.10793650793650794
0 0.6461864406779662 0.40793650793650793 0.1461864406779661 0.1126984126984127
0 0.2457627118644068 0.44841269841269843 0.1652542372881356 0.12698412698412698
0 0.3781779661016949 0.46111111111111114 0.15466101694915255 0.13174603174603175
0 0.5127118644067796 0.4753968253968254 0.15466101694915255 0.11904761904761904
0 0.638771186440678 0.48968253968253966 0.17372881355932204 0.11904761904761904
0 0.10063559322033898 0.4452380952380952 0.1652542372881356 0.1126984126984127
0 0.4968220338983051 0.5587301587301587 0.1652542372881356 0.1380952380952381
0 0.0836864406779661 0.5238095238095238 0.1673728813559322 0.13968253968253969
0 0.628177966101695 0.5785714285714286 0.15466101694915255 0.1253968253968254
0 0.2097457627118644 0.5412698412698412 0.163135593220339 0.12380952380952381
0 0.3591101694915254 0.5547619047619048 0.163135593220339 0.1111111111111111
0 0.4851694915254237 0.6626984126984127 0.1716101694915254 0.12857142857142856
0 0.336864406779661 0.6507936507936508 0.18008474576271186 0.1380952380952381
0 0.06673728813559322 0.6285714285714286 0.13347457627118645 0.13333333333333333
0 0.1875 0.638095238095238 0.17796610169491525 0.12857142857142856
0 0.6239406779661016 0.6785714285714286 0.1864406779661017 0.1365079365079365
0 0.16101694915254236 0.7412698412698413 0.19915254237288135 0.1492063492063492
0 0.3093220338983051 0.7587301587301587 0.1864406779661017 0.14285714285714285
0 0.4650423728813559 0.7746031746031746 0.17796610169491525 0.14126984126984127
0 0.6122881355932204 0.7912698412698412 0.17372881355932204 0.1349206349206349
0 0.05190677966101695 0.7396825396825397 0.1038135593220339 0.1523809523809524