0 0.15767634854771784 0.8278816199376947 0.23651452282157676 0.1806853582554517
0 0.6576763485477178 0.7764797507788161 0.26141078838174275 0.17289719626168223
0 0.3879668049792531 0.7889408099688473 0.3091286307053942 0.1822429906542056
0 0.38070539419087135 0.6869158878504673 0.2966804979253112 0.19937694704049844
0 0.6742738589211619 0.6464174454828661 0.3008298755186722 0.22897196261682243
0 0.1275933609958506 0.6931464174454829 0.22821576763485477 0.22585669781931464
0 0.10580912863070539 0.5654205607476636 0.2074688796680498 0.23052959501557632
0 0.696058091286307 0.5038940809968847 0.34024896265560167 0.2367601246105919
0 0.3724066390041494 0.5218068535825545 0.34232365145228216 0.24766355140186916
0 0.7240663900414938 0.279595015576324 0.42946058091286304 0.3317757009345794
0 0.32676348547717843 0.308411214953271 0.4211618257261411 0.31931464174454827
0 0.07468879668049792 0.3060747663551402 0.14522821576763487 0.32866043613707163
0 0.7634854771784232 0.09735202492211838 0.43568464730290457 0.19158878504672897
0 0.29045643153526973 0.10747663551401869 0.5435684647302904 0.2118380062305296
0 0.20020746887966806 0.9049844236760125 0.23651452282157676 0.1853582554517134
0 0.42323651452282157 0.881619937694704 0.23858921161825727 0.16355140186915887
0 0.6514522821576764 0.8520249221183801 0.22614107883817428 0.1791277258566978