0 0.7641955835962145 0.7452153110047847 0.14037854889589904 0.22488038277511962
0 0.5055205047318612 0.8456937799043063 0.1750788643533123 0.23205741626794257
0 0.8690851735015773 0.6901913875598086 0.14037854889589904 0.19856459330143542
0 0.6742902208201893 0.7368421052631579 0.1498422712933754 0.23923444976076555
0 0.40141955835962145 0.8217703349282297 0.15457413249211358 0.2535885167464115
0 0.5796529968454258 0.7380382775119617 0.1277602523659306 0.22248803827751196
0 0.8028391167192429 0.5897129186602871 0.15457413249211358 0.22727272727272727
0 0.8966876971608833 0.5 0.17350157728706625 0.2511961722488038
0 0.6159305993690851 0.6004784688995215 0.138801261829653 0.22727272727272727
0 0.34069400630914826 0.6889952153110048 0.1309148264984227 0.1937799043062201
0 0.43296529968454256 0.6196172248803827 0.14511041009463724 0.2966507177033493
0 0.7839116719242902 0.47607655502392343 0.15457413249211358 0.20574162679425836
0 0.5236593059936908 0.5753588516746412 0.1309148264984227 0.23444976076555024
0 0.6632492113564669 0.45933014354066987 0.14037854889589904 0.24162679425837322
0 0.9321766561514195 0.3145933014354067 0.1277602523659306 0.215311004784689
0 0.8406940063091483 0.35287081339712917 0.15772870662460567 0.21291866028708134
0 0.5733438485804416 0.4533492822966507 0.13722397476340695 0.21052631578947367
0 0.7405362776025236 0.37440191387559807 0.13564668769716087 0.215311004784689
0 0.3438485804416404 0.5203349282296651 0.15141955835962145 0.215311004784689
0 0.4810725552050473 0.44019138755980863 0.16246056782334384 0.23444976076555024
0 0.5899053627760252 0.319377990430622 0.1719242902208202 0.30861244019138756
0 0.8730283911671924 0.1901913875598086 0.1498422712933754 0.24401913875598086
0 0.6829652996845426 0.24282296650717702 0.17034700315457413 0.3038277511961722
0 0.7839116719242902 0.20095693779904306 0.16246056782334384 0.2583732057416268
0 0.46845425867507884 0.30980861244019137 0.16561514195583596 0.24162679425837322
0 0.35252365930599366 0.2966507177033493 0.17665615141955837 0.2894736842105263
0 0.18769716088328076 0.28827751196172247 0.1750788643533123 0.284688995215311
0 0.5985804416403786 0.12799043062200957 0.15615141955835962 0.25598086124401914
0 0.5047318611987381 0.14114832535885166 0.17350157728706625 0.2822966507177033
0 0.693217665615142 0.08732057416267942 0.1750788643533123 0.17464114832535885
0 0.5063091482649842 0.9413875598086124 0.17034700315457413 0.11244019138755981
0 0.7011041009463722 0.8875598086124402 0.14511041009463724 0.19856459330143542
0 0.5993690851735016 0.895933014354067 0.14668769716088328 0.20095693779904306