0 0.793 0.7425149700598802 0.23 0.16467065868263472
0 0.59 0.7133233532934131 0.236 0.16167664670658682
0 0.12 0.6893712574850299 0.24 0.1631736526946108
0 0.89 0.6549401197604791 0.208 0.20808383233532934
0 0.392 0.6422155688622755 0.294 0.2125748502994012
0 0.664 0.6354790419161677 0.282 0.19161676646706588
0 0.143 0.6085329341317365 0.286 0.20808383233532934
0 0.785 0.5291916167664671 0.37 0.25748502994011974
0 0.467 0.49850299401197606 0.354 0.26497005988023953
0 0.151 0.45808383233532934 0.302 0.27245508982035926
0 0.872 0.35104790419161674 0.252 0.38772455089820357
0 0.559 0.26422155688622756 0.458 0.37574850299401197
0 0.183 0.20359281437125748 0.35 0.40718562874251496