0 0.8771739130434782 0.8680781758957655 0.10652173913043478 0.1970684039087948
0 0.45543478260869563 0.8786644951140065 0.3391304347826087 0.23778501628664495
0 0.7347826086956522 0.8631921824104235 0.3869565217391304 0.26058631921824105
0 0.7260869565217392 0.755700325732899 0.3869565217391304 0.2752442996742671
0 0.41304347826086957 0.745928338762215 0.40217391304347827 0.30456026058631924
0 0.9 0.7288273615635179 0.15 0.24592833876221498
0 0.9152173913043479 0.5969055374592834 0.16521739130434782 0.252442996742671
0 0.3630434782608696 0.6001628664495114 0.44782608695652176 0.32084690553745926
0 0.7021739130434783 0.5838762214983714 0.4543478260869565 0.3338762214983713
0 0.2902173913043478 0.3713355048859935 0.5782608695652174 0.4381107491856677
0 0.7076086956521739 0.3583061889250814 0.5652173913043478 0.4250814332247557
0 0.9119565217391304 0.3265472312703583 0.17173913043478262 0.3534201954397394
0 0.2728260869565217 0.17100977198697068 0.45 0.34201954397394135
0 0.6793478260869565 0.16042345276872963 0.6369565217391304 0.32084690553745926
0 0.8586956521739131 0.9218241042345277 0.10434782608695652 0.15309446254071662
0 0.7206521739130435 0.9234527687296417 0.29782608695652174 0.1498371335504886
0 0.4815217391304348 0.9177524429967426 0.29347826086956524 0.16123778501628663