0 0.532608695652174 0.25163398692810457 0.2956521739130435 0.18790849673202614
0 0.29130434782608694 0.3161764705882353 0.2782608695652174 0.19281045751633988
0 0.7858695652173913 0.190359477124183 0.27608695652173915 0.18790849673202614
0 0.0967391304347826 0.39624183006535946 0.1934782608695652 0.2107843137254902
0 0.8228260869565217 0.2508169934640523 0.2847826086956522 0.2630718954248366
0 0.6097826086956522 0.33578431372549017 0.3521739130434783 0.23039215686274508
0 0.12282608695652174 0.4861111111111111 0.24565217391304348 0.26633986928104575
0 0.3032608695652174 0.4362745098039216 0.38913043478260867 0.2761437908496732
0 0.6956521739130435 0.43790849673202614 0.46956521739130436 0.3104575163398693
0 0.9043478260869565 0.38480392156862747 0.18695652173913044 0.27941176470588236
0 0.3293478260869565 0.548202614379085 0.45 0.29901960784313725
0 0.11630434782608695 0.6258169934640523 0.2326086956521739 0.3104575163398693
0 0.7576086956521739 0.6674836601307189 0.48043478260869565 0.511437908496732
0 0.4032608695652174 0.7704248366013072 0.6152173913043478 0.45588235294117646