0 0.484375 0.753125 0.16875 0.128125
0 0.4 0.7046875 0.18333333333333332 0.1328125
0 0.3177083333333333 0.64609375 0.18333333333333332 0.1359375
0 0.5635416666666667 0.71015625 0.16666666666666666 0.1234375
0 0.21979166666666666 0.584375 0.1875 0.1390625
0 0.471875 0.6546875 0.16458333333333333 0.1265625
0 0.13854166666666667 0.52421875 0.17916666666666667 0.140625
0 0.37916666666666665 0.5953125 0.17291666666666666 0.13125
0 0.6416666666666667 0.6625 0.19166666666666668 0.146875
0 0.296875 0.53125 0.17708333333333334 0.1328125
0 0.5489583333333333 0.60078125 0.18333333333333332 0.134375
0 0.203125 0.46875 0.1875 0.1453125
0 0.46145833333333336 0.5390625 0.18333333333333332 0.1421875
0 0.728125 0.61484375 0.19583333333333333 0.1484375
0 0.36354166666666665 0.47734375 0.1875 0.14375
0 0.628125 0.5515625 0.20208333333333334 0.159375
0 0.271875 0.3984375 0.17708333333333334 0.1375
0 0.5333333333333333 0.4796875 0.18541666666666667 0.14375
0 0.8270833333333333 0.5546875 0.21875 0.1625
0 0.440625 0.40546875 0.19583333333333333 0.1453125
0 0.7239583333333334 0.484375 0.20833333333333334 0.159375
0 0.334375 0.33828125 0.2 0.1515625
0 0.628125 0.41171875 0.21041666666666667 0.1625
0 0.915625 0.4875 0.16458333333333333 0.165625
0 0.5229166666666667 0.33203125 0.20208333333333334 0.1578125
0 0.834375 0.4109375 0.21666666666666667 0.1640625
0 0.41041666666666665 0.2625 0.20625 0.159375
0 0.721875 0.33203125 0.23125 0.18125
0 0.6135416666666667 0.259375 0.22708333333333333 0.178125
0 0.503125 0.1703125 0.22916666666666666 0.1734375