0 0.8766816143497758 0.20875420875420875 0.242152466367713 0.32996632996632996
0 0.6390134529147982 0.16077441077441076 0.4192825112107623 0.30808080808080807
0 0.29035874439461884 0.132996632996633 0.38789237668161436 0.265993265993266
0 0.8464125560538116 0.4436026936026936 0.30269058295964124 0.3653198653198653
0 0.5448430493273543 0.3728956228956229 0.47533632286995514 0.3484848484848485
0 0.20291479820627803 0.31986531986531985 0.3991031390134529 0.36195286195286197
0 0.44170403587443946 0.6422558922558923 0.5672645739910314 0.45286195286195285
0 0.7959641255605381 0.75 0.36995515695067266 0.3888888888888889
0 0.7331838565022422 0.9250841750841751 0.33183856502242154 0.14646464646464646
0 0.3598654708520179 0.8846801346801347 0.6300448430493274 0.22727272727272727
0 0.05605381165919283 0.8367003367003367 0.11210762331838565 0.20875420875420875