0 0.810515873015873 0.7179104477611941 0.2718253968253968 0.2
0 0.6091269841269841 0.6962686567164179 0.2757936507936508 0.19701492537313434
0 0.1527777777777778 0.6902985074626866 0.2638888888888889 0.2
0 0.8829365079365079 0.6298507462686567 0.23015873015873015 0.2417910447761194
0 0.40773809523809523 0.6335820895522388 0.3472222222222222 0.25671641791044775
0 0.6765873015873016 0.6156716417910447 0.32936507936507936 0.23283582089552238
0 0.16468253968253968 0.6097014925373134 0.32936507936507936 0.25223880597014925
0 0.7847222222222222 0.5059701492537313 0.42658730158730157 0.31343283582089554
0 0.4722222222222222 0.4873134328358209 0.42063492063492064 0.3164179104477612
0 0.17162698412698413 0.46119402985074626 0.34325396825396826 0.3194029850746269
0 0.8402777777777778 0.33059701492537313 0.31547619047619047 0.41940298507462687
0 0.5466269841269841 0.2507462686567164 0.5535714285714286 0.4417910447761194
0 0.2003968253968254 0.22686567164179106 0.4007936507936508 0.4208955223880597