0 0.562206572769953 0.795774647887324 0.19248826291079812 0.15669014084507044
0 0.6830985915492958 0.7376760563380281 0.215962441314554 0.16549295774647887
0 0.8051643192488263 0.6698943661971831 0.2347417840375587 0.1619718309859155
0 0.4565727699530516 0.7359154929577465 0.2112676056338028 0.16725352112676056
0 0.9107981220657277 0.5950704225352113 0.17370892018779344 0.1619718309859155
0 0.5868544600938967 0.6637323943661971 0.19248826291079812 0.14084507042253522
0 0.971830985915493 0.5290492957746479 0.051643192488262914 0.12852112676056338
0 0.7230046948356808 0.596830985915493 0.2300469483568075 0.16725352112676056
0 0.3485915492957746 0.6681338028169014 0.24178403755868544 0.17253521126760563
0 0.852112676056338 0.5140845070422535 0.22065727699530516 0.16725352112676056
0 0.48826291079812206 0.596830985915493 0.24413145539906103 0.18485915492957747
0 0.9342723004694836 0.44014084507042256 0.1267605633802817 0.1619718309859155
0 0.6208920187793427 0.5176056338028169 0.24882629107981222 0.19014084507042253
0 0.2323943661971831 0.5959507042253521 0.24178403755868544 0.18485915492957747
0 0.7593896713615024 0.4269366197183099 0.2699530516431925 0.19718309859154928
0 0.36032863849765256 0.5158450704225352 0.2511737089201878 0.1742957746478873
0 0.8755868544600939 0.3485915492957746 0.215962441314554 0.19014084507042253
0 0.5117370892018779 0.4251760563380282 0.25586854460093894 0.18838028169014084
0 0.11267605633802817 0.5132042253521126 0.22535211267605634 0.19190140845070422
0 0.6607981220657277 0.34066901408450706 0.2793427230046948 0.2130281690140845
0 0.22769953051643194 0.42077464788732394 0.25821596244131456 0.1954225352112676
0 0.8098591549295775 0.23767605633802816 0.28169014084507044 0.2130281690140845
0 0.38967136150234744 0.32922535211267606 0.2863849765258216 0.22007042253521128
0 0.03990610328638498 0.3987676056338028 0.07981220657276995 0.2130281690140845
0 0.539906103286385 0.22711267605633803 0.2793427230046948 0.20598591549295775
0 0.11619718309859155 0.31514084507042256 0.2323943661971831 0.23943661971830985
0 0.7053990610328639 0.1153169014084507 0.2981220657276995 0.22711267605633803
0 0.22417840375586853 0.20422535211267606 0.30985915492957744 0.23943661971830985
0 0.4107981220657277 0.10475352112676056 0.3004694835680751 0.20950704225352113
0 0.602112676056338 0.0448943661971831 0.2887323943661972 0.0897887323943662