0 0.24786324786324787 0.17067307692307693 0.2863247863247863 0.20833333333333334
0 0.44551282051282054 0.24358974358974358 0.2905982905982906 0.20673076923076922
0 0.8846153846153846 0.36698717948717946 0.2264957264957265 0.21153846153846154
0 0.13995726495726496 0.24358974358974358 0.22863247863247863 0.24519230769230768
0 0.625 0.3581730769230769 0.36538461538461536 0.2692307692307692
0 0.3418803418803419 0.3092948717948718 0.34615384615384615 0.24358974358974358
0 0.842948717948718 0.44871794871794873 0.30982905982905984 0.266025641025641
0 0.20405982905982906 0.39663461538461536 0.4081196581196581 0.32532051282051283
0 0.4935897435897436 0.4911858974358974 0.4423076923076923 0.3317307692307692
0 0.8044871794871795 0.6033653846153846 0.38675213675213677 0.33814102564102566
0 0.1047008547008547 0.5657051282051282 0.2094017094017094 0.4358974358974359
0 0.31303418803418803 0.7139423076923077 0.5811965811965812 0.46474358974358976
0 0.7072649572649573 0.8068910256410257 0.5170940170940171 0.38301282051282054