0 0.8585526315789473 0.5830592105263158 0.22807017543859648 0.16940789473684212
0 0.6885964912280702 0.6101973684210527 0.22807017543859648 0.15625
0 0.5164473684210527 0.6455592105263158 0.22807017543859648 0.15625
0 0.3344298245614035 0.6743421052631579 0.20833333333333334 0.14144736842105263
0 0.33223684210526316 0.6702302631578947 0.19736842105263158 0.14144736842105263
0 0.15899122807017543 0.678453947368421 0.20833333333333334 0.15296052631578946
0 0.8651315789473685 0.49835526315789475 0.24780701754385964 0.17269736842105263
0 0.4868421052631579 0.5633223684210527 0.23684210526315788 0.15625
0 0.6677631578947368 0.5205592105263158 0.23464912280701755 0.16611842105263158
0 0.2905701754385965 0.578125 0.2324561403508772 0.15789473684210525
0 0.10307017543859649 0.5912828947368421 0.19956140350877194 0.16940789473684212
0 0.6721491228070176 0.4284539473684211 0.2631578947368421 0.18421052631578946
0 0.8826754385964912 0.37911184210526316 0.22807017543859648 0.18421052631578946
0 0.4473684210526316 0.4597039473684211 0.26535087719298245 0.18914473684210525
0 0.23793859649122806 0.48930921052631576 0.23464912280701755 0.14967105263157895
0 0.07675438596491228 0.5016447368421053 0.15350877192982457 0.19078947368421054
0 0.8662280701754386 0.26151315789473684 0.25219298245614036 0.23026315789473684
0 0.6655701754385965 0.28207236842105265 0.30701754385964913 0.23190789473684212
0 0.4100877192982456 0.3223684210526316 0.33114035087719296 0.25493421052631576
0 0.17324561403508773 0.36101973684210525 0.3267543859649123 0.2680921052631579
0 0.047149122807017545 0.37335526315789475 0.09429824561403509 0.23355263157894737
0 0.8442982456140351 0.11019736842105263 0.2412280701754386 0.22039473684210525
0 0.6502192982456141 0.1225328947368421 0.3442982456140351 0.2450657894736842
0 0.35526315789473684 0.14802631578947367 0.3706140350877193 0.29605263157894735
0 0.13157894736842105 0.18585526315789475 0.2631578947368421 0.29276315789473684
0 0.6557017543859649 0.02631578947368421 0.39035087719298245 0.05263157894736842
0 0.32456140350877194 0.047697368421052634 0.3881578947368421 0.09375
0 0.08991228070175439 0.07319078947368421 0.17982456140350878 0.12664473684210525