0 0.911504424778761 0.40365448504983387 0.17256637168141592 0.1461794019933555
0 0.6736725663716814 0.3372093023255814 0.18805309734513273 0.1478405315614618
0 0.7920353982300885 0.3704318936877076 0.18805309734513273 0.1362126245847176
0 0.5464601769911505 0.30980066445182725 0.1902654867256637 0.15614617940199335
0 0.4247787610619469 0.287375415282392 0.1747787610619469 0.14119601328903655
0 0.8926991150442478 0.48421926910299 0.2013274336283186 0.14950166112956811
0 0.6338495575221239 0.4152823920265781 0.20575221238938052 0.15614617940199335
0 0.5143805309734514 0.38704318936877075 0.19469026548672566 0.1478405315614618
0 0.7588495575221239 0.4568106312292359 0.1836283185840708 0.1362126245847176
0 0.37942477876106195 0.35714285714285715 0.18584070796460178 0.14119601328903655
0 0.7256637168141593 0.5365448504983389 0.2079646017699115 0.15780730897009967
0 0.5951327433628318 0.5016611295681063 0.19911504424778761 0.1611295681063123
0 0.46017699115044247 0.4684385382059801 0.19247787610619468 0.1478405315614618
0 0.3329646017699115 0.436046511627907 0.21238938053097345 0.15282392026578073
0 0.8617256637168141 0.5863787375415282 0.20575221238938052 0.14451827242524917
0 0.42035398230088494 0.5514950166112956 0.21017699115044247 0.16943521594684385
0 0.831858407079646 0.665282392026578 0.2168141592920354 0.17109634551495018
0 0.28650442477876104 0.5224252491694352 0.19911504424778761 0.15448504983388706
0 0.6991150442477876 0.6370431893687708 0.20575221238938052 0.15614617940199335
0 0.5519911504424779 0.5971760797342193 0.20353982300884957 0.14285714285714285
0 0.36836283185840707 0.6528239202657807 0.21460176991150443 0.1611295681063123
0 0.5132743362831859 0.6943521594684385 0.22566371681415928 0.17109634551495018
0 0.8042035398230089 0.7740863787375415 0.2234513274336283 0.1611295681063123
0 0.6592920353982301 0.7358803986710963 0.22123893805309736 0.16279069767441862
0 0.22787610619469026 0.617109634551495 0.2323008849557522 0.17275747508305647
0 0.6183628318584071 0.8413621262458472 0.25 0.1877076411960133
0 0.47013274336283184 0.8039867109634552 0.2345132743362832 0.1777408637873754
0 0.3141592920353982 0.7641196013289037 0.22787610619469026 0.1777408637873754
0 0.1670353982300885 0.7267441860465116 0.21902654867256638 0.16777408637873753
0 0.7732300884955752 0.8920265780730897 0.252212389380531 0.1877076411960133