0 0.640625 0.14214046822742474 0.203125 0.15719063545150502
0 0.4095982142857143 0.23160535117056857 0.20758928571428573 0.1605351170568562
0 0.5223214285714286 0.18812709030100336 0.20535714285714285 0.1488294314381271
0 0.29575892857142855 0.2826086956521739 0.20982142857142858 0.16722408026755853
0 0.18973214285714285 0.33444816053511706 0.19196428571428573 0.15217391304347827
0 0.7053571428571429 0.21070234113712374 0.22098214285714285 0.16220735785953178
0 0.4575892857142857 0.3060200668896321 0.22321428571428573 0.16722408026755853
0 0.34933035714285715 0.3536789297658863 0.21428571428571427 0.16220735785953178
0 0.5859375 0.26588628762541805 0.19866071428571427 0.1488294314381271
0 0.22544642857142858 0.4080267558528428 0.20089285714285715 0.15384615384615385
0 0.640625 0.3394648829431438 0.22767857142857142 0.17224080267558528
0 0.5167410714285714 0.3879598662207358 0.21875 0.17391304347826086
0 0.390625 0.4397993311036789 0.21205357142857142 0.1605351170568562
0 0.27232142857142855 0.4866220735785953 0.23214285714285715 0.1688963210702341
0 0.7834821428571429 0.2976588628762542 0.22098214285714285 0.1588628762541806
0 0.4453125 0.5167224080267558 0.23214285714285715 0.18394648829431437
0 0.8415178571428571 0.36872909698996653 0.23883928571428573 0.18394648829431437
0 0.3247767857142857 0.5719063545150501 0.21875 0.1688963210702341
0 0.7209821428571429 0.4222408026755853 0.22544642857142858 0.1688963210702341
0 0.5803571428571429 0.4765886287625418 0.21875 0.15719063545150502
0 0.5089285714285714 0.6162207357859532 0.234375 0.17558528428093645
0 0.6484375 0.56438127090301 0.24776785714285715 0.18561872909698995
0 0.9017857142857143 0.46153846153846156 0.19196428571428573 0.17391304347826086
0 0.7901785714285714 0.5117056856187291 0.24107142857142858 0.17725752508361203
0 0.3783482142857143 0.669732441471572 0.2544642857142857 0.18896321070234115
0 0.8627232142857143 0.6086956521739131 0.2700892857142857 0.20735785953177258
0 0.7287946428571429 0.6638795986622074 0.25669642857142855 0.1939799331103679
0 0.5825892857142857 0.7224080267558528 0.25 0.19230769230769232
0 0.44308035714285715 0.7784280936454849 0.23883928571428573 0.18394648829431437
0 0.9408482142857143 0.568561872909699 0.11383928571428571 0.19063545150501673