0 0.4990118577075099 0.7240356083086054 0.16205533596837945 0.13204747774480713
0 0.39822134387351776 0.6750741839762612 0.18181818181818182 0.1394658753709199
0 0.29545454545454547 0.6179525222551929 0.1976284584980237 0.13649851632047477
0 0.5889328063241107 0.6735905044510386 0.17786561264822134 0.14094955489614244
0 0.18774703557312253 0.5548961424332344 0.18181818181818182 0.13501483679525222
0 0.4792490118577075 0.612759643916914 0.16205533596837945 0.11869436201780416
0 0.08596837944664032 0.4873887240356083 0.17193675889328064 0.12314540059347182
0 0.36462450592885376 0.5563798219584569 0.19367588932806323 0.14094955489614244
0 0.6798418972332015 0.6164688427299704 0.20355731225296442 0.14540059347181009
0 0.2549407114624506 0.486646884272997 0.1857707509881423 0.14094955489614244
0 0.5622529644268774 0.5563798219584569 0.20553359683794467 0.15578635014836795
0 0.14031620553359683 0.4169139465875371 0.191699604743083 0.14391691394658754
0 0.44960474308300397 0.4896142433234421 0.20948616600790515 0.16023738872403562
0 0.7766798418972332 0.5556379821958457 0.20355731225296442 0.15578635014836795
0 0.3339920948616601 0.4132047477744807 0.22727272727272727 0.1661721068249258
0 0.6689723320158103 0.48813056379821956 0.21146245059288538 0.14688427299703263
0 0.2075098814229249 0.34124629080118696 0.233201581027668 0.1661721068249258
0 0.5424901185770751 0.41172106824925814 0.21541501976284586 0.15875370919881307
0 0.8913043478260869 0.486646884272997 0.2134387351778656 0.1632047477744807
0 0.41699604743083 0.3405044510385757 0.23517786561264822 0.1795252225519288
0 0.7816205533596838 0.40801186943620177 0.21739130434782608 0.16468842729970326
0 0.2855731225296443 0.2529673590504451 0.24703557312252963 0.17804154302670624
0 0.6442687747035574 0.33086053412462907 0.24110671936758893 0.18545994065281898
0 0.9496047430830039 0.39688427299703266 0.09683794466403162 0.1884272997032641
0 0.5177865612648221 0.24480712166172106 0.23517786561264822 0.17359050445103857
0 0.8873517786561265 0.3189910979228487 0.22134387351778656 0.20178041543026706
0 0.3784584980237154 0.15059347181008903 0.2509881422924901 0.1913946587537092
0 0.7835968379446641 0.22551928783382788 0.2608695652173913 0.20178041543026706
0 0.6294466403162056 0.12759643916913946 0.25296442687747034 0.2032640949554896
0 0.47134387351778656 0.06602373887240356 0.2628458498023715 0.13204747774480713