0 0.46963562753036436 0.8077507598784195 0.1437246963562753 0.11094224924012158
0 0.555668016194332 0.7553191489361702 0.15789473684210525 0.11854103343465046
0 0.3623481781376518 0.743161094224924 0.13765182186234817 0.10638297872340426
0 0.25809716599190285 0.6952887537993921 0.1437246963562753 0.10790273556231003
0 0.451417004048583 0.6884498480243161 0.13157894736842105 0.08662613981762918
0 0.6538461538461539 0.6937689969604863 0.15587044534412955 0.0972644376899696
0 0.347165991902834 0.6375379939209727 0.15587044534412955 0.10790273556231003
0 0.15890688259109312 0.6314589665653495 0.15182186234817813 0.11398176291793313
0 0.7378542510121457 0.6428571428571429 0.13360323886639677 0.11094224924012158
0 0.5445344129554656 0.6375379939209727 0.15587044534412955 0.12310030395136778
0 0.6649797570850202 0.5858662613981763 0.1680161943319838 0.12006079027355623
0 0.0597165991902834 0.5661094224924013 0.1194331983805668 0.11094224924012158
0 0.868421052631579 0.587386018237082 0.16194331983805668 0.1276595744680851
0 0.4483805668016194 0.574468085106383 0.1659919028340081 0.11702127659574468
0 0.24493927125506074 0.5691489361702128 0.16194331983805668 0.11702127659574468
0 0.1214574898785425 0.5 0.15789473684210525 0.12310030395136778
0 0.3259109311740891 0.5030395136778115 0.15991902834008098 0.11550151975683891
0 0.7813765182186235 0.513677811550152 0.1680161943319838 0.1094224924012158
0 0.548582995951417 0.5015197568389058 0.15587044534412955 0.12462006079027356
0 0.2125506072874494 0.43009118541033436 0.1862348178137652 0.12917933130699089
0 0.4251012145748988 0.43009118541033436 0.17611336032388664 0.12613981762917933
0 0.6659919028340081 0.4331306990881459 0.18218623481781376 0.1337386018237082
0 0.9038461538461539 0.43844984802431614 0.1882591093117409 0.15045592705167174
0 0.3026315789473684 0.34422492401215804 0.1862348178137652 0.13677811550151975
0 0.5516194331983806 0.3495440729483283 0.19230769230769232 0.16109422492401215
0 0.8006072874493927 0.3487841945288754 0.19838056680161945 0.1474164133738602
0 0.4149797570850202 0.25379939209726443 0.2145748987854251 0.1595744680851064
0 0.6720647773279352 0.25455927051671734 0.20445344129554655 0.16109422492401215
0 0.5495951417004049 0.13677811550151975 0.21862348178137653 0.1580547112462006