0 0.4667381974248927 0.2693548387096774 0.15450643776824036 0.11935483870967742
0 0.38090128755364805 0.3040322580645161 0.15879828326180256 0.12419354838709677
0 0.29506437768240346 0.3403225806451613 0.1630901287553648 0.11935483870967742
0 0.20708154506437768 0.3790322580645161 0.15236051502145923 0.11451612903225807
0 0.12660944206008584 0.41774193548387095 0.13948497854077252 0.10483870967741936
0 0.5203862660944206 0.317741935483871 0.14377682403433475 0.10967741935483871
0 0.4334763948497854 0.3564516129032258 0.14163090128755365 0.10483870967741936
0 0.34549356223175964 0.392741935483871 0.148068669527897 0.10967741935483871
0 0.25858369098712447 0.4306451612903226 0.15021459227467812 0.10967741935483871
0 0.16952789699570817 0.475 0.148068669527897 0.11129032258064517
0 0.5761802575107297 0.3725806451612903 0.15665236051502146 0.11612903225806452
0 0.48175965665236054 0.4129032258064516 0.15236051502145923 0.11451612903225807
0 0.39914163090128757 0.4459677419354839 0.16523605150214593 0.12258064516129032
0 0.30257510729613735 0.49112903225806454 0.15879828326180256 0.12419354838709677
0 0.2145922746781116 0.5362903225806451 0.16523605150214593 0.11935483870967742
0 0.6298283261802575 0.425 0.16523605150214593 0.12741935483870967
0 0.5429184549356223 0.46774193548387094 0.16952789699570817 0.12419354838709677
0 0.4517167381974249 0.5137096774193548 0.148068669527897 0.11129032258064517
0 0.3562231759656652 0.5508064516129032 0.16523605150214593 0.13064516129032258
0 0.2628755364806867 0.5967741935483871 0.16738197424892703 0.12580645161290321
0 0.694206008583691 0.4854838709677419 0.17381974248927037 0.12741935483870967
0 0.6040772532188842 0.5298387096774193 0.1609442060085837 0.11935483870967742
0 0.5128755364806867 0.5733870967741935 0.1759656652360515 0.12903225806451613
0 0.41094420600858367 0.6161290322580645 0.17167381974248927 0.13225806451612904
0 0.3197424892703863 0.6645161290322581 0.1781115879828326 0.13709677419354838
0 0.7703862660944206 0.5491935483870968 0.20386266094420602 0.1435483870967742
0 0.6695278969957081 0.5935483870967742 0.18025751072961374 0.13064516129032258
0 0.5793991416309013 0.6427419354838709 0.2017167381974249 0.1596774193548387
0 0.47317596566523606 0.6887096774193548 0.18025751072961374 0.1403225806451613
0 0.3851931330472103 0.7419354838709677 0.1888412017167382 0.14516129032258066