0 0.6017350157728707 0.057368421052631575 0.13722397476340695 0.11473684210526315
0 0.7208201892744479 0.03105263157894737 0.1277602523659306 0.06210526315789474
0 0.6013406940063092 0.11947368421052632 0.14668769716088328 0.20421052631578948
0 0.7208201892744479 0.08789473684210526 0.1529968454258675 0.17578947368421052
0 0.49369085173501576 0.2578947368421053 0.1608832807570978 0.2031578947368421
0 0.6005520504731862 0.2331578947368421 0.14905362776025236 0.2031578947368421
0 0.7306782334384858 0.21 0.16246056782334384 0.19052631578947368
0 0.49290220820189273 0.38526315789473686 0.17350157728706625 0.22526315789473683
0 0.6139589905362776 0.37315789473684213 0.16798107255520506 0.22526315789473683
0 0.7456624605678234 0.35 0.18690851735015773 0.23684210526315788
0 0.48738170347003157 0.5321052631578947 0.17823343848580442 0.24736842105263157
0 0.6179022082018928 0.5163157894736842 0.18217665615141956 0.23684210526315788
0 0.7626182965299685 0.5110526315789473 0.18138801261829654 0.24842105263157896
0 0.6218454258675079 0.6968421052631579 0.20899053627760253 0.27263157894736845
0 0.7783911671924291 0.6847368421052632 0.21608832807570977 0.29789473684210527