0 0.8575697211155379 0.17889221556886228 0.28087649402390436 0.27994011976047906
0 0.5906374501992032 0.16467065868263472 0.3346613545816733 0.25748502994011974
0 0.2908366533864542 0.13997005988023953 0.3466135458167331 0.23802395209580837
0 0.5657370517928287 0.34206586826347307 0.3705179282868526 0.27245508982035926
0 0.851593625498008 0.37425149700598803 0.29282868525896416 0.31736526946107785
0 0.21613545816733068 0.3248502994011976 0.4123505976095618 0.30389221556886226
0 0.545816733067729 0.5808383233532934 0.4721115537848606 0.3847305389221557
0 0.8376494023904383 0.6272455089820359 0.3207171314741036 0.3473053892215569
0 0.1892430278884462 0.5703592814371258 0.3784860557768924 0.36227544910179643
0 0.8197211155378487 0.8660179640718563 0.25298804780876494 0.26497005988023953
0 0.5348605577689243 0.8525449101796407 0.5358565737051793 0.29191616766467066
0 0.15836653386454183 0.8323353293413174 0.31673306772908366 0.2874251497005988