0 0.5182648401826484 0.7747440273037542 0.1917808219178082 0.1552901023890785
0 0.632420091324201 0.7150170648464164 0.2146118721461187 0.16382252559726962
0 0.7488584474885844 0.6467576791808873 0.2328767123287671 0.16040955631399317
0 0.4132420091324201 0.7192832764505119 0.2100456621004566 0.16382252559726962
0 0.8698630136986302 0.5708191126279863 0.2146118721461187 0.15870307167235495
0 0.5365296803652968 0.6467576791808873 0.1917808219178082 0.13993174061433447
0 0.9372146118721462 0.4991467576791809 0.12100456621004566 0.13822525597269625
0 0.6655251141552512 0.5784982935153583 0.228310502283105 0.16552901023890784
0 0.3047945205479452 0.6569965870307167 0.23972602739726026 0.17064846416382254
0 0.7876712328767124 0.4948805460750853 0.2191780821917808 0.16382252559726962
0 0.4372146118721461 0.5844709897610921 0.2420091324200913 0.1825938566552901
0 0.8984018264840182 0.41467576791808874 0.19863013698630136 0.17064846416382254
0 0.5627853881278538 0.5042662116040956 0.24885844748858446 0.189419795221843
0 0.18835616438356165 0.5895904436860068 0.23972602739726026 0.1825938566552901
0 0.6929223744292238 0.4129692832764505 0.2694063926940639 0.1962457337883959
0 0.3093607305936073 0.5093856655290102 0.24885844748858446 0.17406143344709898
0 0.8344748858447488 0.32593856655290104 0.273972602739726 0.1962457337883959
0 0.4520547945205479 0.41638225255972694 0.2534246575342466 0.18771331058020477
0 0.09018264840182648 0.5085324232081911 0.18036529680365296 0.18430034129692832
0 0.593607305936073 0.3310580204778157 0.2785388127853881 0.2098976109215017
0 0.17579908675799086 0.4197952218430034 0.2557077625570776 0.19283276450511946
0 0.7397260273972602 0.22696245733788395 0.2899543378995434 0.2098976109215017
0 0.3299086757990868 0.32764505119453924 0.2853881278538813 0.21843003412969283
0 0.017123287671232876 0.40017064846416384 0.03424657534246575 0.19965870307167236
0 0.4714611872146119 0.22525597269624573 0.2785388127853881 0.20477815699658702
0 0.09018264840182648 0.32081911262798635 0.18036529680365296 0.2354948805460751
0 0.6267123287671232 0.11262798634812286 0.2945205479452055 0.2235494880546075
0 0.1632420091324201 0.21075085324232082 0.3082191780821918 0.2354948805460751
0 0.3401826484018265 0.10665529010238908 0.2968036529680365 0.21331058020477817
0 0.521689497716895 0.04692832764505119 0.2808219178082192 0.09385665529010238