0 0.2615062761506276 0.6729559748427673 0.1903765690376569 0.14150943396226415
0 0.4246861924686193 0.6540880503144654 0.19246861924686193 0.12735849056603774
0 0.5930962343096234 0.6415094339622641 0.19246861924686193 0.12735849056603774
0 0.7688284518828452 0.6210691823899371 0.17573221757322174 0.11477987421383648
0 0.7688284518828452 0.6163522012578616 0.16317991631799164 0.1179245283018868
0 0.9184100418410042 0.5794025157232704 0.1589958158995816 0.13050314465408805
0 0.21548117154811716 0.60062893081761 0.20920502092050208 0.139937106918239
0 0.5847280334728033 0.5605345911949685 0.20292887029288703 0.12421383647798742
0 0.4027196652719665 0.5683962264150944 0.19665271966527198 0.13522012578616352
0 0.7635983263598326 0.5227987421383647 0.19665271966527198 0.12578616352201258
0 0.9257322175732218 0.4889937106918239 0.14435146443514643 0.14779874213836477
0 0.35669456066945604 0.4882075471698113 0.2196652719665272 0.1509433962264151
0 0.13179916317991633 0.5007861635220126 0.21338912133891214 0.14937106918238993
0 0.5700836820083682 0.45754716981132076 0.2196652719665272 0.15566037735849056
0 0.7709205020920502 0.4308176100628931 0.200836820083682 0.1179245283018868
0 0.9320083682008368 0.39622641509433965 0.13179916317991633 0.16666666666666666
0 0.10355648535564854 0.3938679245283019 0.20711297071129708 0.19968553459119498
0 0.29497907949790797 0.35455974842767296 0.25313807531380755 0.1918238993710692
0 0.5407949790794979 0.324685534591195 0.2719665271966527 0.21069182389937108
0 0.7698744769874477 0.29952830188679247 0.26569037656903766 0.22641509433962265
0 0.9278242677824268 0.2696540880503145 0.1297071129707113 0.21226415094339623
0 0.06903765690376569 0.23034591194968554 0.13807531380753138 0.24056603773584906
0 0.2290794979079498 0.19654088050314467 0.2803347280334728 0.22327044025157233
0 0.5104602510460251 0.15487421383647798 0.29916317991631797 0.25157232704402516
0 0.7751046025104602 0.12185534591194969 0.29916317991631797 0.24371069182389937
0 0.1684100418410042 0.06761006289308176 0.3368200836820084 0.1289308176100629
0 0.47594142259414224 0.04323899371069182 0.3619246861924686 0.08647798742138364
0 0.801255230125523 0.02122641509433962 0.35564853556485354 0.04245283018867924