0 0.7704081632653061 0.7109598853868195 0.36251342642320084 0.4863896848137536
0 0.541890440386681 0.5730659025787965 0.1895810955961332 0.2808022922636103
0 0.6482277121374865 0.5089541547277937 0.24973147153598282 0.330945558739255
0 0.8807733619763695 0.545487106017192 0.23737916219119226 0.6339541547277937
0 0.5684747583243824 0.38144699140401145 0.17454350161117077 0.23853868194842406
0 0.780343716433942 0.36891117478510027 0.3485499462943072 0.45988538681948427
0 0.6495703544575725 0.25107449856733527 0.22234156820622986 0.29011461318051573
0 0.8721804511278195 0.25429799426934097 0.2545649838882922 0.3553008595988539
0 0.7183136412459721 0.15329512893982808 0.23254564983888293 0.25
0 0.6092910848549946 0.10816618911174786 0.20032223415682063 0.2163323782234957
0 0.5400107411385607 0.8398997134670487 0.18474758324382384 0.27650429799426934
0 0.6313104189044039 0.7851002865329513 0.25671321160042965 0.37106017191977075