0 0.7272727272727273 0.24710982658959538 0.1847041847041847 0.21772639691714837
0 0.8939393939393939 0.27890173410404623 0.20995670995670995 0.24951830443159922
0 0.5562770562770563 0.24470134874759153 0.16883116883116883 0.22736030828516376
0 0.38311688311688313 0.22109826589595374 0.17965367965367965 0.23410404624277456
0 0.21031746031746032 0.1989402697495183 0.18253968253968253 0.22350674373795762
0 0.9025974025974026 0.4773603082851638 0.19336219336219337 0.2996146435452794
0 0.7362914862914863 0.47109826589595377 0.23665223665223664 0.29865125240847784
0 0.5476190476190477 0.4552023121387283 0.21212121212121213 0.279383429672447
0 0.35245310245310246 0.4320809248554913 0.23088023088023088 0.2928709055876686
0 0.15836940836940838 0.4166666666666667 0.21933621933621933 0.3044315992292871
0 0.7442279942279942 0.7215799614643545 0.240981240981241 0.32947976878612717
0 0.5436507936507936 0.7032755298651252 0.23881673881673882 0.33429672447013487
0 0.33080808080808083 0.6868978805394991 0.2453102453102453 0.3227360308285164