0 0.3458904109589041 0.8981164383561644 0.4223744292237443 0.20034246575342465
0 0.6940639269406392 0.865582191780822 0.4018264840182648 0.2654109589041096
0 0.9223744292237442 0.8039383561643836 0.1506849315068493 0.285958904109589
0 0.24315068493150685 0.738013698630137 0.4474885844748858 0.3647260273972603
0 0.6358447488584474 0.6618150684931506 0.4589041095890411 0.3356164383561644
0 0.889269406392694 0.5847602739726028 0.21689497716894976 0.3441780821917808
0 0.5445205479452054 0.3844178082191781 0.545662100456621 0.4383561643835616
0 0.16666666666666666 0.4306506849315068 0.3333333333333333 0.3921232876712329
0 0.11187214611872145 0.17893835616438356 0.2237442922374429 0.2825342465753425
0 0.430365296803653 0.12071917808219178 0.636986301369863 0.24143835616438356
0 0.8036529680365296 0.0702054794520548 0.2237442922374429 0.1404109589041096