0 0.4583333333333333 0.2640625 0.12916666666666668 0.1015625
0 0.5510416666666667 0.27890625 0.13333333333333333 0.1046875
0 0.64375 0.2953125 0.1375 0.1015625
0 0.7395833333333334 0.31484375 0.13125 0.096875
0 0.828125 0.334375 0.12083333333333333 0.0875
0 0.42604166666666665 0.3203125 0.12291666666666666 0.09375
0 0.5208333333333334 0.33828125 0.12291666666666666 0.0890625
0 0.6145833333333334 0.3546875 0.12708333333333333 0.09375
0 0.7104166666666667 0.37265625 0.12708333333333333 0.09375
0 0.8083333333333333 0.3953125 0.12708333333333333 0.09375
0 0.3927083333333333 0.38203125 0.13125 0.0984375
0 0.49583333333333335 0.40078125 0.12708333333333333 0.0984375
0 0.5833333333333334 0.415625 0.13958333333333334 0.103125
0 0.6895833333333333 0.4375 0.13333333333333333 0.1046875
0 0.7885416666666667 0.46171875 0.13958333333333334 0.1
0 0.3614583333333333 0.4421875 0.13958333333333334 0.1078125
0 0.4583333333333333 0.4640625 0.14583333333333334 0.103125
0 0.5583333333333333 0.48828125 0.12708333333333333 0.0953125
0 0.6614583333333334 0.50390625 0.13958333333333334 0.1125
0 0.7645833333333333 0.528125 0.13958333333333334 0.10625
0 0.32395833333333335 0.51171875 0.15 0.1078125
0 0.42291666666666666 0.534375 0.1375 0.1015625
0 0.5239583333333333 0.55703125 0.14791666666666667 0.1078125
0 0.634375 0.5765625 0.14791666666666667 0.1125
0 0.7354166666666667 0.6015625 0.15 0.1171875
0 0.27395833333333336 0.58515625 0.175 0.1203125
0 0.384375 0.60703125 0.15416666666666667 0.1109375
0 0.4864583333333333 0.634375 0.16875 0.1359375
0 0.6020833333333333 0.65546875 0.15208333333333332 0.1203125
0 0.703125 0.6875 0.16041666666666668 0.1234375