0 0.6229674796747967 0.2712765957446808 0.16260162601626016 0.12158054711246201
0 0.5213414634146342 0.2864741641337386 0.17479674796747968 0.12613981762917933
0 0.4166666666666667 0.310790273556231 0.17479674796747968 0.12917933130699089
0 0.6676829268292683 0.3343465045592705 0.15853658536585366 0.11702127659574468
0 0.29471544715447157 0.33358662613981765 0.18089430894308944 0.13221884498480244
0 0.5558943089430894 0.3525835866261398 0.1565040650406504 0.12158054711246201
0 0.18902439024390244 0.3601823708206687 0.17073170731707318 0.1337386018237082
0 0.4410569105691057 0.37537993920972645 0.16463414634146342 0.12613981762917933
0 0.709349593495935 0.4004559270516717 0.18292682926829268 0.1398176291793313
0 0.3313008130081301 0.40501519756838905 0.16869918699186992 0.12613981762917933
0 0.5934959349593496 0.4247720364741641 0.17479674796747968 0.1276595744680851
0 0.21443089430894308 0.43009118541033436 0.17886178861788618 0.13829787234042554
0 0.4806910569105691 0.4506079027355623 0.17479674796747968 0.135258358662614
0 0.758130081300813 0.4696048632218845 0.18699186991869918 0.1413373860182371
0 0.3597560975609756 0.4734042553191489 0.17886178861788618 0.13677811550151975
0 0.6341463414634146 0.493161094224924 0.19308943089430894 0.1519756838905775
0 0.2347560975609756 0.5129179331306991 0.16869918699186992 0.13221884498480244
0 0.5101626016260162 0.5258358662613982 0.17682926829268292 0.13677811550151975
0 0.8109756097560976 0.5539513677811551 0.20934959349593496 0.1534954407294833
0 0.3861788617886179 0.560790273556231 0.18699186991869918 0.13829787234042554
0 0.6798780487804879 0.5820668693009119 0.1991869918699187 0.1519756838905775
0 0.2550813008130081 0.5851063829787234 0.1910569105691057 0.14437689969604864
0 0.5548780487804879 0.6147416413373861 0.1991869918699187 0.15501519756838905
0 0.8770325203252033 0.6504559270516718 0.20934959349593496 0.15653495440729484
0 0.4166666666666667 0.6512158054711246 0.19308943089430894 0.15045592705167174
0 0.7347560975609756 0.6816109422492401 0.2073170731707317 0.15653495440729484
0 0.2784552845528455 0.6762917933130699 0.19715447154471544 0.1519756838905775
0 0.5914634146341463 0.7150455927051672 0.21951219512195122 0.17325227963525835
0 0.45426829268292684 0.743920972644377 0.21544715447154472 0.1702127659574468
0 0.3079268292682927 0.7864741641337386 0.21747967479674796 0.1656534954407295