0 0.14638157894736842 0.8755482456140351 0.14967105263157895 0.07894736842105263
0 0.4198190789473684 0.9583333333333334 0.16365131578947367 0.08114035087719298
0 0.5518092105263158 0.9797149122807017 0.16282894736842105 0.03837719298245614
0 0.2816611842105263 0.912828947368421 0.1513157894736842 0.09868421052631579
0 0.14679276315789475 0.7867324561403509 0.1981907894736842 0.25109649122807015
0 0.053865131578947366 0.7357456140350878 0.10773026315789473 0.25219298245614036
0 0.43050986842105265 0.8821271929824561 0.1981907894736842 0.23355263157894737
0 0.2890625 0.831140350877193 0.1924342105263158 0.2543859649122807
0 0.7319078947368421 0.924890350877193 0.2138157894736842 0.14802631578947367
0 0.5785361842105263 0.8925438596491229 0.20970394736842105 0.21271929824561403
0 0.16817434210526316 0.6091008771929824 0.2080592105263158 0.27521929824561403
0 0.3092105263157895 0.6480263157894737 0.203125 0.27631578947368424
0 0.46463815789473684 0.706140350877193 0.20970394736842105 0.2708333333333333
0 0.041529605263157895 0.8245614035087719 0.08305921052631579 0.08333333333333333