0 0.6353711790393013 0.22630718954248366 0.15502183406113537 0.12091503267973856
0 0.5360262008733624 0.2295751633986928 0.1615720524017467 0.12418300653594772
0 0.4366812227074236 0.23447712418300654 0.16375545851528384 0.12254901960784313
0 0.33406113537117904 0.24101307189542484 0.1572052401746725 0.11601307189542484
0 0.2368995633187773 0.24918300653594772 0.14410480349344978 0.10457516339869281
0 0.6561135371179039 0.28921568627450983 0.1462882096069869 0.1111111111111111
0 0.5534934497816594 0.2949346405228758 0.1462882096069869 0.10620915032679738
0 0.4519650655021834 0.29901960784313725 0.15065502183406113 0.11274509803921569
0 0.34934497816593885 0.3047385620915033 0.15065502183406113 0.11274509803921569
0 0.2423580786026201 0.3145424836601307 0.15065502183406113 0.11274509803921569
0 0.6746724890829694 0.35784313725490197 0.1572052401746725 0.11764705882352941
0 0.5633187772925764 0.3627450980392157 0.15283842794759825 0.11764705882352941
0 0.46943231441048033 0.3660130718954248 0.16812227074235808 0.12418300653594772
0 0.3548034934497817 0.3741830065359477 0.1615720524017467 0.12418300653594772
0 0.24672489082969432 0.38562091503267976 0.16593886462882096 0.12091503267973856
0 0.6932314410480349 0.42320261437908496 0.16812227074235808 0.12908496732026145
0 0.5884279475982532 0.43300653594771243 0.17248908296943233 0.12418300653594772
0 0.4781659388646288 0.4444444444444444 0.15283842794759825 0.11437908496732026
0 0.36790393013100436 0.44607843137254904 0.16812227074235808 0.1323529411764706
0 0.2554585152838428 0.45669934640522875 0.16812227074235808 0.12745098039215685
0 0.7150655021834061 0.5 0.17903930131004367 0.12908496732026145
0 0.6069868995633187 0.5098039215686274 0.16375545851528384 0.12254901960784313
0 0.4978165938864629 0.5196078431372549 0.17685589519650655 0.13071895424836602
0 0.3777292576419214 0.5253267973856209 0.17685589519650655 0.13398692810457516
0 0.26746724890829693 0.5367647058823529 0.17903930131004367 0.1388888888888889
0 0.7478165938864629 0.5833333333333334 0.2052401746724891 0.1454248366013072
0 0.62882096069869 0.5898692810457516 0.18340611353711792 0.1323529411764706
0 0.517467248908297 0.6045751633986928 0.2052401746724891 0.16013071895424835
0 0.3930131004366812 0.6102941176470589 0.18340611353711792 0.14215686274509803
0 0.28056768558951967 0.6299019607843137 0.19213973799126638 0.1454248366013072