0 0.6178414096916299 0.7491749174917491 0.17400881057268722 0.14521452145214522
0 0.47687224669603523 0.7178217821782178 0.18722466960352424 0.14686468646864687
0 0.34030837004405284 0.6905940594059405 0.17180616740088106 0.1353135313531353
0 0.1949339207048458 0.6410891089108911 0.16740088105726872 0.13861386138613863
0 0.08039647577092511 0.6014851485148515 0.16079295154185022 0.13366336633663367
0 0.683920704845815 0.6798679867986799 0.1960352422907489 0.15016501650165018
0 0.5352422907488987 0.6402640264026402 0.18061674008810572 0.13366336633663367
0 0.3843612334801762 0.6031353135313532 0.19383259911894274 0.1353135313531353
0 0.2433920704845815 0.5561056105610561 0.19383259911894274 0.1419141914191419
0 0.10022026431718062 0.5165016501650165 0.20044052863436124 0.1419141914191419
0 0.7522026431718062 0.5899339933993399 0.19823788546255505 0.1485148514851485
0 0.5914096916299559 0.5552805280528053 0.19823788546255505 0.15181518151815182
0 0.44493392070484583 0.5115511551155115 0.20044052863436124 0.15676567656765678
0 0.2830396475770925 0.46864686468646866 0.2092511013215859 0.1551155115511551
0 0.11894273127753303 0.4183168316831683 0.22466960352422907 0.1617161716171617
0 0.8270925110132159 0.5016501650165016 0.21806167400881057 0.16501650165016502
0 0.6696035242290749 0.452970297029703 0.22026431718061673 0.16501650165016502
0 0.5 0.40264026402640263 0.21806167400881057 0.16666666666666666
0 0.3237885462555066 0.36221122112211224 0.23788546255506607 0.18976897689768976
0 0.15308370044052863 0.30198019801980197 0.23348017621145375 0.17656765676567657
0 0.8997797356828194 0.3910891089108911 0.1960352422907489 0.18811881188118812
0 0.7588105726872246 0.3432343234323432 0.24669603524229075 0.1848184818481848
0 0.5726872246696035 0.2896039603960396 0.2555066079295154 0.19306930693069307
0 0.38876651982378857 0.23102310231023102 0.2621145374449339 0.19801980198019803
0 0.20484581497797358 0.17326732673267325 0.27973568281938327 0.20957095709570958
0 0.9515418502202643 0.25742574257425743 0.09251101321585903 0.20132013201320131
0 0.8480176211453745 0.20462046204620463 0.27312775330396477 0.22112211221122113
0 0.6651982378854625 0.14026402640264027 0.28854625550660795 0.23267326732673269
0 0.45044052863436124 0.09570957095709572 0.2841409691629956 0.19141914191419143
0 0.2511013215859031 0.06023102310231023 0.27312775330396477 0.12046204620462046