0 0.6365546218487395 0.6415094339622641 0.13655462184873948 0.09748427672955975
0 0.5388655462184874 0.6454402515723271 0.13655462184873948 0.10220125786163523
0 0.4380252100840336 0.6477987421383647 0.1407563025210084 0.11163522012578617
0 0.33508403361344535 0.6485849056603774 0.14285714285714285 0.10849056603773585
0 0.24474789915966386 0.6485849056603774 0.1323529411764706 0.09905660377358491
0 0.6449579831932774 0.574685534591195 0.14705882352941177 0.10534591194968554
0 0.5399159663865546 0.5778301886792453 0.14495798319327732 0.1069182389937107
0 0.4380252100840336 0.5825471698113207 0.14915966386554622 0.10062893081761007
0 0.34243697478991597 0.5817610062893082 0.13655462184873948 0.10220125786163523
0 0.22899159663865545 0.5864779874213837 0.14495798319327732 0.10534591194968554
0 0.6565126050420168 0.5070754716981132 0.14915966386554622 0.10849056603773585
0 0.5483193277310925 0.5117924528301887 0.14285714285714285 0.10849056603773585
0 0.4432773109243697 0.5165094339622641 0.1407563025210084 0.10849056603773585
0 0.33508403361344535 0.5141509433962265 0.15546218487394958 0.1179245283018868
0 0.23004201680672268 0.5172955974842768 0.14705882352941177 0.11163522012578617
0 0.667016806722689 0.4363207547169811 0.1407563025210084 0.10377358490566038
0 0.5577731092436975 0.43474842767295596 0.15546218487394958 0.1179245283018868
0 0.44432773109243695 0.4363207547169811 0.14915966386554622 0.11635220125786164
0 0.33613445378151263 0.449685534591195 0.13865546218487396 0.11477987421383648
0 0.22058823529411764 0.44339622641509435 0.14915966386554622 0.11006289308176101
0 0.6775210084033614 0.3553459119496855 0.15336134453781514 0.11477987421383648
0 0.5651260504201681 0.360062893081761 0.15126050420168066 0.11635220125786164
0 0.4527310924369748 0.36163522012578614 0.1638655462184874 0.13050314465408805
0 0.33088235294117646 0.3608490566037736 0.16176470588235295 0.1289308176100629
0 0.2184873949579832 0.3608490566037736 0.1638655462184874 0.1179245283018868
0 0.6964285714285714 0.27122641509433965 0.16596638655462184 0.12578616352201258
0 0.5703781512605042 0.2783018867924528 0.1638655462184874 0.13050314465408805
0 0.46113445378151263 0.27122641509433965 0.18067226890756302 0.13050314465408805
0 0.32983193277310924 0.2759433962264151 0.16176470588235295 0.12421383647798742
0 0.20798319327731093 0.27044025157232704 0.16176470588235295 0.11635220125786164