0 0.250996015936255 0.6766467065868264 0.1553784860557769 0.12874251497005987
0 0.3804780876494024 0.6968562874251497 0.16733067729083664 0.13023952095808383
0 0.5049800796812749 0.718562874251497 0.15338645418326693 0.12125748502994012
0 0.649402390438247 0.7252994011976048 0.14940239043824702 0.12425149700598802
0 0.7739043824701195 0.7342814371257484 0.16533864541832669 0.11826347305389222
0 0.23705179282868527 0.6010479041916168 0.1752988047808765 0.1347305389221557
0 0.3784860557768924 0.6167664670658682 0.16135458167330677 0.11976047904191617
0 0.5189243027888446 0.6347305389221557 0.17330677290836655 0.12125748502994012
0 0.6593625498007968 0.6422155688622755 0.17131474103585656 0.12574850299401197
0 0.8007968127490039 0.657185628742515 0.1852589641434263 0.12574850299401197
0 0.23306772908366533 0.5067365269461078 0.1752988047808765 0.1317365269461078
0 0.38147410358565736 0.530688622754491 0.1752988047808765 0.1347305389221557
0 0.5229083665338645 0.5411676646706587 0.17928286852589642 0.1407185628742515
0 0.6772908366533864 0.5591317365269461 0.1852589641434263 0.1377245508982036
0 0.8366533864541833 0.5711077844311377 0.199203187250996 0.14520958083832336
0 0.22310756972111553 0.4116766467065868 0.1952191235059761 0.14820359281437126
0 0.37749003984063745 0.4244011976047904 0.1952191235059761 0.1467065868263473
0 0.5418326693227091 0.437125748502994 0.19322709163346613 0.1497005988023952
0 0.704183266932271 0.46107784431137727 0.21115537848605578 0.1691616766467066
0 0.8754980079681275 0.46781437125748504 0.20717131474103587 0.15718562874251496
0 0.20816733067729085 0.29191616766467066 0.21713147410358566 0.1661676646706587
0 0.36852589641434264 0.3068862275449102 0.22111553784860558 0.16467065868263472
0 0.546812749003984 0.32335329341317365 0.22709163346613545 0.1721556886227545
0 0.7260956175298805 0.3345808383233533 0.23306772908366533 0.1781437125748503
0 0.8904382470119522 0.34805389221556887 0.2151394422310757 0.18712574850299402
0 0.19322709163346613 0.156437125748503 0.22709163346613545 0.18263473053892215
0 0.3745019920318725 0.16691616766467066 0.24302788844621515 0.19610778443113772
0 0.5577689243027888 0.17440119760479042 0.2589641434262948 0.20658682634730538
0 0.7649402390438247 0.19461077844311378 0.24900398406374502 0.19760479041916168
0 0.9173306772908366 0.19610778443113772 0.16135458167330677 0.20958083832335328