0 0.3114406779661017 0.15047770700636942 0.2966101694915254 0.21815286624203822
0 0.5010593220338984 0.23328025477707007 0.3008474576271186 0.21656050955414013
0 0.9004237288135594 0.37898089171974525 0.19491525423728814 0.21656050955414013
0 0.1832627118644068 0.21496815286624205 0.2754237288135593 0.25477707006369427
0 0.6673728813559322 0.35589171974522293 0.3792372881355932 0.2802547770700637
0 0.3919491525423729 0.2929936305732484 0.3580508474576271 0.25477707006369427
0 0.8548728813559322 0.4570063694267516 0.2860169491525424 0.27388535031847133
0 0.2309322033898305 0.36942675159235666 0.461864406779661 0.34394904458598724
0 0.5254237288135594 0.48168789808917195 0.4597457627118644 0.34554140127388533
0 0.8082627118644068 0.607484076433121 0.3792372881355932 0.34554140127388533
0 0.1281779661016949 0.5318471337579618 0.2563559322033898 0.4426751592356688
0 0.326271186440678 0.6926751592356688 0.6080508474576272 0.482484076433121
0 0.6949152542372882 0.8017515923566879 0.5338983050847458 0.39331210191082805