0 0.4340425531914894 0.7507961783439491 0.13617021276595745 0.11146496815286625
0 0.5457446808510639 0.7356687898089171 0.16170212765957448 0.12420382165605096
0 0.6691489361702128 0.7070063694267515 0.15531914893617021 0.12101910828025478
0 0.3851063829787234 0.6902866242038217 0.1595744680851064 0.11942675159235669
0 0.7861702127659574 0.678343949044586 0.15106382978723404 0.11305732484076433
0 0.5159574468085106 0.6544585987261147 0.15106382978723404 0.11624203821656051
0 0.9095744680851063 0.6441082802547771 0.15531914893617021 0.12579617834394904
0 0.6297872340425532 0.6281847133757962 0.14468085106382977 0.11624203821656051
0 0.33404255319148934 0.6210191082802548 0.15531914893617021 0.11624203821656051
0 0.7531914893617021 0.5947452229299363 0.1595744680851064 0.12101910828025478
0 0.46382978723404256 0.5859872611464968 0.15531914893617021 0.1305732484076433
0 0.8787234042553191 0.5644904458598726 0.1595744680851064 0.11942675159235669
0 0.5893617021276596 0.5517515923566879 0.16170212765957448 0.1337579617834395
0 0.2723404255319149 0.5445859872611465 0.16808510638297872 0.12738853503184713
0 0.7117021276595744 0.518312101910828 0.15531914893617021 0.12738853503184713
0 0.4085106382978723 0.5071656050955414 0.1702127659574468 0.15445859872611464
0 0.8531914893617021 0.48009554140127386 0.15106382978723404 0.11146496815286625
0 0.5393617021276595 0.46735668789808915 0.1595744680851064 0.12738853503184713
0 0.20638297872340425 0.45621019108280253 0.16170212765957448 0.11464968152866242
0 0.6797872340425531 0.429140127388535 0.17872340425531916 0.12898089171974522
0 0.35212765957446807 0.4164012738853503 0.14893617021276595 0.11464968152866242
0 0.8170212765957446 0.39570063694267515 0.1702127659574468 0.12579617834394904
0 0.49042553191489363 0.37977707006369427 0.16595744680851063 0.11942675159235669
0 0.12872340425531914 0.35429936305732485 0.16808510638297872 0.12261146496815287
0 0.6372340425531915 0.3351910828025478 0.15531914893617021 0.11305732484076433
0 0.2797872340425532 0.31369426751592355 0.15531914893617021 0.12261146496815287
0 0.7776595744680851 0.29697452229299365 0.16808510638297872 0.12101910828025478
0 0.43617021276595747 0.26512738853503187 0.1595744680851064 0.12420382165605096
0 0.5851063829787234 0.23328025477707007 0.16382978723404254 0.13694267515923567
0 0.7446808510638298 0.1823248407643312 0.15531914893617021 0.1321656050955414