0 0.7641509433962265 0.7625786163522013 0.13757861635220126 0.1949685534591195
0 0.877751572327044 0.7070230607966457 0.1289308176100629 0.15618448637316562
0 0.7248427672955975 0.6729559748427673 0.14622641509433962 0.20230607966457023
0 0.8380503144654088 0.6168763102725366 0.1509433962264151 0.1761006289308176
0 0.5790094339622641 0.6315513626834381 0.15959119496855345 0.20125786163522014
0 0.6792452830188679 0.5775681341719078 0.14779874213836477 0.20125786163522014
0 0.7983490566037735 0.5057651991614256 0.1611635220125786 0.18867924528301888
0 0.5279088050314465 0.5251572327044025 0.17295597484276728 0.22327044025157233
0 0.6348270440251572 0.449685534591195 0.16666666666666666 0.22431865828092243
0 0.7555031446540881 0.37735849056603776 0.18474842767295596 0.2348008385744235
0 0.4650157232704403 0.40461215932914046 0.17688679245283018 0.24633123689727462
0 0.5817610062893082 0.3259958071278826 0.18081761006289307 0.2348008385744235
0 0.7063679245283019 0.2290356394129979 0.1800314465408805 0.24633123689727462
0 0.5137578616352201 0.1708595387840671 0.20754716981132076 0.2693920335429769
0 0.6509433962264151 0.11006289308176101 0.21540880503144655 0.22012578616352202