0 0.3611111111111111 0.19150641025641027 0.1282051282051282 0.10576923076923077
0 0.4732905982905983 0.20432692307692307 0.1517094017094017 0.11698717948717949
0 0.6004273504273504 0.22916666666666666 0.1452991452991453 0.11378205128205128
0 0.31517094017094016 0.2532051282051282 0.14957264957264957 0.11217948717948718
0 0.717948717948718 0.25560897435897434 0.14316239316239315 0.10576923076923077
0 0.44764957264957267 0.2860576923076923 0.14102564102564102 0.11057692307692307
0 0.842948717948718 0.28685897435897434 0.1452991452991453 0.11858974358974358
0 0.561965811965812 0.3092948717948718 0.1346153846153846 0.11057692307692307
0 0.2670940170940171 0.3245192307692308 0.1452991452991453 0.10897435897435898
0 0.6891025641025641 0.33974358974358976 0.14957264957264957 0.11378205128205128
0 0.39850427350427353 0.35657051282051283 0.1452991452991453 0.1233974358974359
0 0.8151709401709402 0.3661858974358974 0.14957264957264957 0.11217948717948718
0 0.5256410256410257 0.3870192307692308 0.1517094017094017 0.1266025641025641
0 0.20833333333333334 0.4030448717948718 0.1581196581196581 0.1201923076923077
0 0.6506410256410257 0.41746794871794873 0.1452991452991453 0.1201923076923077
0 0.3472222222222222 0.4358974358974359 0.16025641025641027 0.14743589743589744
0 0.7938034188034188 0.452724358974359 0.14316239316239315 0.10416666666666667
0 0.4807692307692308 0.4735576923076923 0.14957264957264957 0.1201923076923077
0 0.14636752136752137 0.4935897435897436 0.1517094017094017 0.10737179487179487
0 0.6228632478632479 0.5080128205128205 0.16880341880341881 0.12179487179487179
0 0.2938034188034188 0.5296474358974359 0.1388888888888889 0.10897435897435898
0 0.7617521367521367 0.5384615384615384 0.1581196581196581 0.11858974358974358
0 0.4358974358974359 0.5625 0.15598290598290598 0.11057692307692307
0 0.07799145299145299 0.5977564102564102 0.1517094017094017 0.11538461538461539
0 0.5844017094017094 0.6033653846153846 0.14743589743589744 0.10576923076923077
0 0.2264957264957265 0.6354166666666666 0.1452991452991453 0.11538461538461539
0 0.7264957264957265 0.6386217948717948 0.15598290598290598 0.11378205128205128
0 0.3856837606837607 0.6794871794871795 0.14957264957264957 0.11698717948717949
0 0.5363247863247863 0.7083333333333334 0.15384615384615385 0.12980769230769232
0 0.6987179487179487 0.7548076923076923 0.1452991452991453 0.125