0 0.6245519713261649 0.7292993630573248 0.2885304659498208 0.4968152866242038
0 0.10663082437275985 0.7818471337579618 0.20967741935483872 0.4299363057324841
0 0.41397849462365593 0.6035031847133758 0.24372759856630824 0.3885350318471338
0 0.2114695340501792 0.6353503184713376 0.24910394265232974 0.4426751592356688
0 0.9166666666666666 0.4840764331210191 0.16308243727598568 0.43312101910828027
0 0.5421146953405018 0.5143312101910829 0.23655913978494625 0.3853503184713376
0 0.7401433691756273 0.3964968152866242 0.3064516129032258 0.5191082802547771
0 0.08870967741935484 0.4729299363057325 0.17383512544802868 0.5254777070063694
0 0.8664874551971327 0.2229299363057325 0.26344086021505375 0.445859872611465
0 0.5887096774193549 0.23089171974522293 0.24910394265232974 0.46178343949044587
0 0.20430107526881722 0.3105095541401274 0.30286738351254483 0.5828025477707006
0 0.39874551971326166 0.25955414012738853 0.34229390681003585 0.5191082802547771
0 0.7150537634408602 0.12101910828025478 0.27598566308243727 0.24203821656050956
0 0.8270609318996416 0.8089171974522293 0.2867383512544803 0.34076433121019106
0 0.49193548387096775 0.8280254777070064 0.24551971326164876 0.3375796178343949
0 0.2921146953405018 0.8248407643312102 0.24014336917562723 0.34394904458598724