0 0.9350393700787402 0.5416666666666666 0.1220472440944882 0.5
0 0.12007874015748031 0.7053571428571429 0.23622047244094488 0.4226190476190476
0 0.5590551181102362 0.6696428571428571 0.3346456692913386 0.4880952380952381
0 0.8484251968503937 0.7380952380952381 0.2952755905511811 0.4880952380952381
0 0.35039370078740156 0.8065476190476191 0.3700787401574803 0.375
0 0.16338582677165353 0.8869047619047619 0.2952755905511811 0.21428571428571427
0 0.2204724409448819 0.24702380952380953 0.32677165354330706 0.4642857142857143
0 0.4566929133858268 0.31845238095238093 0.33858267716535434 0.39880952380952384
0 0.09055118110236221 0.39285714285714285 0.18110236220472442 0.35714285714285715
0 0.7618110236220472 0.4255952380952381 0.32677165354330706 0.43452380952380953
0 0.2637795275590551 0.5446428571428571 0.31496062992125984 0.44047619047619047