0 0.3163900414937759 0.8985239852398524 0.1417704011065007 0.17250922509225092
0 0.5535961272475796 0.9100553505535055 0.15560165975103735 0.17804428044280443
0 0.6677040110650069 0.9105166051660517 0.15352697095435686 0.16512915129151293
0 0.7935684647302904 0.9132841328413284 0.16459197786998617 0.1429889298892989
0 0.43291839557399725 0.9003690036900369 0.1417704011065007 0.18911439114391143
0 0.3091286307053942 0.7656826568265682 0.15975103734439833 0.2011070110701107
0 0.1912171507607192 0.7495387453874539 0.15352697095435686 0.20202952029520296
0 0.5563623789764869 0.7887453874538746 0.15767634854771784 0.1974169741697417
0 0.4322268326417704 0.7707564575645757 0.15491009681881052 0.20387453874538744
0 0.8167358229598893 0.8099630996309963 0.17219917012448133 0.22601476014760147
0 0.6825726141078838 0.7869003690036901 0.1673582295988935 0.22416974169741696
0 0.30567081604426005 0.6130073800738007 0.16666666666666666 0.22047970479704798
0 0.42704011065006914 0.6148523985239852 0.16251728907330568 0.22140221402214022
0 0.5618948824343015 0.6291512915129152 0.16874135546334718 0.2158671586715867
0 0.19156293222683266 0.8920664206642066 0.15145228215767634 0.1863468634686347