0 0.6719409282700421 0.6301261829652997 0.1350210970464135 0.09621451104100946
0 0.5748945147679325 0.6411671924290221 0.1350210970464135 0.10094637223974763
0 0.47468354430379744 0.6498422712933754 0.13924050632911392 0.11041009463722397
0 0.37130801687763715 0.6569400630914827 0.14135021097046413 0.10725552050473186
0 0.2805907172995781 0.6624605678233438 0.1308016877637131 0.09779179810725552
0 0.6729957805907173 0.5630914826498423 0.14556962025316456 0.10410094637223975
0 0.5675105485232067 0.5733438485804416 0.14345991561181434 0.1056782334384858
0 0.46729957805907174 0.5843848580441641 0.14767932489451477 0.09936908517350158
0 0.37130801687763715 0.5899053627760252 0.1350210970464135 0.10094637223974763
0 0.25738396624472576 0.6017350157728707 0.14345991561181434 0.10410094637223975
0 0.6761603375527426 0.4944794952681388 0.14767932489451477 0.10725552050473186
0 0.5685654008438819 0.5070977917981072 0.14135021097046413 0.10725552050473186
0 0.4641350210970464 0.5181388012618297 0.13924050632911392 0.10725552050473186
0 0.35548523206751054 0.5228706624605678 0.1518987341772152 0.11514195583596215
0 0.25 0.5323343848580442 0.14556962025316456 0.11041009463722397
0 0.679324894514768 0.4235015772870662 0.13924050632911392 0.10252365930599369
0 0.569620253164557 0.42902208201892744 0.1518987341772152 0.11514195583596215
0 0.45569620253164556 0.43769716088328076 0.14556962025316456 0.11514195583596215
0 0.3491561181434599 0.4582018927444795 0.1350210970464135 0.11356466876971609
0 0.23312236286919832 0.4597791798107255 0.14767932489451477 0.10883280757097792
0 0.679324894514768 0.3414826498422713 0.14978902953586498 0.11198738170347003
0 0.5685654008438819 0.35410094637223977 0.14767932489451477 0.11514195583596215
0 0.45569620253164556 0.3627760252365931 0.16244725738396623 0.12933753943217666
0 0.3333333333333333 0.3698738170347003 0.16033755274261605 0.1277602523659306
0 0.22046413502109705 0.37697160883280756 0.16033755274261605 0.1167192429022082
0 0.6888185654008439 0.25709779179810727 0.16455696202531644 0.12460567823343849
0 0.5632911392405063 0.27208201892744477 0.16244725738396623 0.12933753943217666
0 0.45358649789029537 0.27129337539432175 0.17932489451476794 0.12933753943217666
0 0.3217299578059072 0.2854889589905363 0.16033755274261605 0.12302839116719243
0 0.19936708860759494 0.28785488958990535 0.15822784810126583 0.11514195583596215