0 0.7241379310344828 0.7511848341232228 0.13166144200626959 0.2132701421800948
0 0.46394984326018807 0.830568720379147 0.16614420062695925 0.21800947867298578
0 0.8299373040752351 0.7049763033175356 0.13322884012539185 0.1872037914691943
0 0.6347962382445141 0.735781990521327 0.14106583072100312 0.22511848341232227
0 0.3612852664576803 0.7985781990521327 0.14576802507836992 0.23933649289099526
0 0.5407523510971787 0.7298578199052133 0.11912225705329153 0.2109004739336493
0 0.768025078369906 0.6007109004739336 0.14576802507836992 0.2132701421800948
0 0.8636363636363636 0.518957345971564 0.164576802507837 0.23696682464454977
0 0.5815047021943573 0.5971563981042654 0.13009404388714735 0.2156398104265403
0 0.3056426332288401 0.6623222748815166 0.1238244514106583 0.18246445497630331
0 0.3996865203761755 0.6007109004739336 0.13479623824451412 0.2843601895734597
0 0.7531347962382445 0.48696682464454977 0.14733542319749215 0.19194312796208532
0 0.49137931034482757 0.5651658767772512 0.12225705329153605 0.22274881516587677
0 0.6332288401253918 0.4609004739336493 0.13166144200626959 0.22985781990521326
0 0.9177115987460815 0.33886255924170616 0.14576802507836992 0.2014218009478673
0 0.8134796238244514 0.3696682464454976 0.15047021943573669 0.1990521327014218
0 0.5446708463949843 0.44786729857819907 0.13009404388714735 0.1990521327014218
0 0.713166144200627 0.38270142180094785 0.12852664576802508 0.2037914691943128
0 0.31426332288401254 0.49644549763033174 0.14420062695924765 0.2014218009478673
0 0.4537617554858934 0.4277251184834123 0.1536050156739812 0.22037914691943128
0 0.5658307210031348 0.31635071090047395 0.1614420062695925 0.2938388625592417
0 0.8510971786833855 0.2109004739336493 0.14106583072100312 0.22985781990521326
0 0.6606583072100314 0.2476303317535545 0.15987460815047022 0.2890995260663507
0 0.762539184952978 0.21445497630331753 0.1536050156739812 0.24407582938388625
0 0.445141065830721 0.29739336492890994 0.15673981191222572 0.22748815165876776
0 0.33072100313479624 0.27488151658767773 0.16614420062695925 0.27488151658767773
0 0.1677115987460815 0.254739336492891 0.164576802507837 0.27014218009478674
0 0.5807210031347962 0.12440758293838862 0.14576802507836992 0.24407582938388625
0 0.48667711598746083 0.1338862559241706 0.1614420062695925 0.26303317535545023
0 0.6755485893416928 0.08767772511848342 0.16614420062695925 0.17061611374407584
0 0.4615987460815047 0.9372037914691943 0.164576802507837 0.12085308056872038
0 0.6559561128526645 0.8909952606635071 0.13479623824451412 0.19194312796208532
0 0.554858934169279 0.8957345971563981 0.13636363636363635 0.2014218009478673