0 0.4275510204081633 0.2714067278287462 0.1489795918367347 0.12538226299694188
0 0.5469387755102041 0.29510703363914376 0.16938775510204082 0.12996941896024464
0 0.6724489795918367 0.3264525993883792 0.18571428571428572 0.12538226299694188
0 0.36020408163265305 0.34174311926605505 0.1653061224489796 0.13149847094801223
0 0.8040816326530612 0.3623853211009174 0.16938775510204082 0.12538226299694188
0 0.49387755102040815 0.3753822629969419 0.1510204081632653 0.11009174311926606
0 0.923469387755102 0.4036697247706422 0.14285714285714285 0.11009174311926606
0 0.6295918367346939 0.4029051987767584 0.1816326530612245 0.12996941896024464
0 0.29489795918367345 0.4197247706422018 0.19183673469387755 0.13302752293577982
0 0.7683673469387755 0.44571865443425074 0.17346938775510204 0.12996941896024464
0 0.43673469387755104 0.4503058103975535 0.18979591836734694 0.1452599388379205
0 0.9091836734693878 0.48700305810397554 0.17755102040816326 0.13608562691131498
0 0.5755102040816327 0.48853211009174313 0.19591836734693877 0.14984709480122324
0 0.22551020408163266 0.5022935779816514 0.18775510204081633 0.1452599388379205
0 0.7214285714285714 0.5359327217125383 0.21428571428571427 0.154434250764526
0 0.36020408163265305 0.5428134556574924 0.2 0.13608562691131498
0 0.8765306122448979 0.5764525993883792 0.22040816326530613 0.1529051987767584
0 0.5173469387755102 0.5879204892966361 0.2 0.14831804281345565
0 0.13979591836734695 0.5978593272171254 0.20408163265306123 0.14984709480122324
0 0.6704081632653062 0.6276758409785933 0.21836734693877552 0.16666666666666666
0 0.2836734693877551 0.6483180428134556 0.20204081632653062 0.154434250764526
0 0.8367346938775511 0.6819571865443425 0.23061224489795917 0.1651376146788991
0 0.4520408163265306 0.691131498470948 0.22448979591836735 0.172782874617737
0 0.08571428571428572 0.7087155963302753 0.1469387755102041 0.1834862385321101
0 0.6122448979591837 0.7454128440366973 0.22040816326530613 0.16055045871559634
0 0.20510204081632652 0.764525993883792 0.22653061224489796 0.18807339449541285
0 0.789795918367347 0.8042813455657493 0.23265306122448978 0.17889908256880735
0 0.36020408163265305 0.8279816513761468 0.24285714285714285 0.18807339449541285
0 0.5520408163265306 0.8868501529051988 0.23469387755102042 0.191131498470948
0 0.7418367346938776 0.9220183486238532 0.2510204081632653 0.13914373088685014