0 0.6857429718875502 0.697289156626506 0.14457831325301204 0.10993975903614457
0 0.5823293172690763 0.7003012048192772 0.1566265060240964 0.11144578313253012
0 0.4738955823293173 0.6957831325301205 0.1566265060240964 0.1144578313253012
0 0.7078313253012049 0.6287650602409639 0.14056224899598393 0.10391566265060241
0 0.35040160642570284 0.6957831325301205 0.1606425702811245 0.11746987951807229
0 0.5943775100401606 0.6310240963855421 0.13855421686746988 0.10843373493975904
0 0.2399598393574297 0.6890060240963856 0.15060240963855423 0.12048192771084337
0 0.4759036144578313 0.6295180722891566 0.1465863453815261 0.11295180722891567
0 0.7269076305220884 0.5572289156626506 0.1606425702811245 0.125
0 0.36244979919678716 0.6204819277108434 0.15060240963855423 0.11295180722891567
0 0.606425702811245 0.5549698795180723 0.1566265060240964 0.11295180722891567
0 0.2419678714859438 0.6174698795180723 0.15863453815261044 0.12349397590361445
0 0.4919678714859438 0.5504518072289156 0.15461847389558234 0.12198795180722892
0 0.751004016064257 0.4819277108433735 0.1646586345381526 0.12650602409638553
0 0.3674698795180723 0.5496987951807228 0.15863453815261044 0.12198795180722892
0 0.6244979919678715 0.4811746987951807 0.1706827309236948 0.1355421686746988
0 0.2359437751004016 0.5338855421686747 0.14859437751004015 0.11897590361445783
0 0.49497991967871485 0.4713855421686747 0.1566265060240964 0.12349397590361445
0 0.7740963855421686 0.39156626506024095 0.18674698795180722 0.13704819277108435
0 0.3644578313253012 0.46009036144578314 0.16666666666666666 0.12198795180722892
0 0.6405622489959839 0.3870481927710843 0.17670682730923695 0.13704819277108435
0 0.23293172690763053 0.46009036144578314 0.1686746987951807 0.1280120481927711
0 0.5100401606425703 0.37876506024096385 0.17670682730923695 0.14006024096385541
0 0.8072289156626506 0.2868975903614458 0.18674698795180722 0.14006024096385541
0 0.3654618473895582 0.3682228915662651 0.1706827309236948 0.13403614457831325
0 0.6606425702811245 0.28237951807228917 0.18473895582329317 0.14006024096385541
0 0.2248995983935743 0.3689759036144578 0.1746987951807229 0.1355421686746988
0 0.5120481927710844 0.2748493975903614 0.19477911646586346 0.15512048192771086
0 0.37248995983935745 0.27259036144578314 0.18875502008032127 0.1536144578313253
0 0.2178714859437751 0.2582831325301205 0.1927710843373494 0.14759036144578314