0 0.7466367713004485 0.20959595959595959 0.17488789237668162 0.13804713804713806
0 0.49551569506726456 0.26515151515151514 0.17937219730941703 0.1414141414141414
0 0.6188340807174888 0.2382154882154882 0.18161434977578475 0.12962962962962962
0 0.36995515695067266 0.2988215488215488 0.17937219730941703 0.14814814814814814
0 0.2522421524663677 0.335016835016835 0.16591928251121077 0.13468013468013468
0 0.7926008968609866 0.28703703703703703 0.19282511210762332 0.1414141414141414
0 0.523542600896861 0.34595959595959597 0.19282511210762332 0.14646464646464646
0 0.4047085201793722 0.37626262626262624 0.1860986547085202 0.1414141414141414
0 0.6603139013452914 0.32407407407407407 0.17488789237668162 0.12962962962962962
0 0.26905829596412556 0.4132996632996633 0.17488789237668162 0.13468013468013468
0 0.6961883408071748 0.4048821548821549 0.19730941704035873 0.14983164983164984
0 0.5616591928251121 0.4351851851851852 0.1860986547085202 0.15488215488215487
0 0.42376681614349776 0.468013468013468 0.18385650224215247 0.1414141414141414
0 0.29596412556053814 0.49747474747474746 0.2040358744394619 0.1447811447811448
0 0.8475336322869955 0.3846801346801347 0.19506726457399104 0.13636363636363635
0 0.4585201793721973 0.5521885521885522 0.19955156950672645 0.16161616161616163
0 0.8867713004484304 0.46296296296296297 0.2062780269058296 0.16161616161616163
0 0.3251121076233184 0.5892255892255892 0.18834080717488788 0.14814814814814814
0 0.7544843049327354 0.4983164983164983 0.19506726457399104 0.14646464646464646
0 0.602017937219731 0.5311447811447811 0.19282511210762332 0.13468013468013468
0 0.49551569506726456 0.6590909090909091 0.2040358744394619 0.1531986531986532
0 0.6457399103139013 0.6279461279461279 0.21524663677130046 0.1632996632996633
0 0.9204035874439462 0.5648148148148148 0.1547085201793722 0.1531986531986532
0 0.7993273542600897 0.5968013468013468 0.21076233183856502 0.15488215488215487
0 0.3531390134529148 0.6936026936026936 0.2219730941704036 0.16498316498316498
0 0.8497757847533632 0.702020202020202 0.2399103139013453 0.17845117845117844
0 0.6995515695067265 0.7382154882154882 0.2242152466367713 0.17003367003367004
0 0.5403587443946188 0.7752525252525253 0.21524663677130046 0.17003367003367004
0 0.3890134529147982 0.8106060606060606 0.2085201793721973 0.15993265993265993
0 0.9473094170403588 0.6784511784511784 0.10089686098654709 0.17845117845117844