0 0.6259398496240601 0.9367469879518072 0.12706766917293233 0.12449799196787148
0 0.7406015037593985 0.9583333333333334 0.11879699248120301 0.08132530120481928
0 0.6233082706766917 0.8659638554216867 0.1330827067669173 0.1857429718875502
0 0.73796992481203 0.8895582329317269 0.13909774436090225 0.1606425702811245
0 0.5157894736842106 0.7414658634538153 0.14661654135338345 0.18373493975903615
0 0.618421052631579 0.7580321285140562 0.13533834586466165 0.18473895582329317
0 0.7432330827067669 0.7710843373493976 0.14887218045112782 0.1716867469879518
0 0.5101503759398496 0.6204819277108434 0.15789473684210525 0.20481927710843373
0 0.6259398496240601 0.6234939759036144 0.1518796992481203 0.20481927710843373
0 0.7518796992481203 0.6370481927710844 0.17067669172932332 0.21485943775100402
0 0.4996240601503759 0.48042168674698793 0.16165413533834586 0.22590361445783133
0 0.6244360902255639 0.48694779116465864 0.1661654135338346 0.21485943775100402
0 0.762406015037594 0.482429718875502 0.16466165413533834 0.22690763052208834
0 0.6210526315789474 0.3147590361445783 0.19022556390977444 0.2469879518072289
0 0.7710526315789473 0.31626506024096385 0.1962406015037594 0.2710843373493976