0 0.4787234042553192 0.7531645569620253 0.31560283687943264 0.4873417721518987
0 0.925531914893617 0.5411392405063291 0.1453900709219858 0.4810126582278481
0 0.650709219858156 0.5348101265822784 0.2624113475177305 0.43037974683544306
0 0.8457446808510638 0.4430379746835443 0.2730496453900709 0.48417721518987344
0 0.12677304964539007 0.740506329113924 0.25354609929078015 0.47468354430379744
0 0.5150709219858156 0.5284810126582279 0.2553191489361702 0.4240506329113924
0 0.30939716312056736 0.5395569620253164 0.33156028368794327 0.5727848101265823
0 0.9095744680851063 0.24208860759493672 0.1773049645390071 0.48417721518987344
0 0.15070921985815602 0.4620253164556962 0.30141843971631205 0.5189873417721519
0 0.4166666666666667 0.2879746835443038 0.2712765957446808 0.5126582278481012
0 0.7907801418439716 0.22784810126582278 0.33687943262411346 0.45569620253164556
0 0.5957446808510638 0.24841772151898733 0.36879432624113473 0.49683544303797467
0 0.2695035460992908 0.22784810126582278 0.2854609929078014 0.370253164556962
0 0.30407801418439717 0.8860759493670886 0.299645390070922 0.22151898734177214
0 0.6223404255319149 0.7974683544303798 0.25886524822695034 0.3987341772151899
0 0.8102836879432624 0.6914556962025317 0.2570921985815603 0.43670886075949367