0 0.7008928571428571 0.5994983277591973 0.15625 0.11204013377926421
0 0.5982142857142857 0.6036789297658863 0.15848214285714285 0.11872909698996656
0 0.49107142857142855 0.6061872909698997 0.16294642857142858 0.12709030100334448
0 0.38058035714285715 0.6070234113712375 0.16517857142857142 0.1254180602006689
0 0.2845982142857143 0.6070234113712375 0.15178571428571427 0.11371237458193979
0 0.7109375 0.5292642140468228 0.16741071428571427 0.12207357859531773
0 0.5982142857142857 0.532608695652174 0.16741071428571427 0.12374581939799331
0 0.48995535714285715 0.5376254180602007 0.16741071428571427 0.11705685618729098
0 0.38950892857142855 0.5359531772575251 0.15848214285714285 0.11705685618729098
0 0.26674107142857145 0.5409698996655519 0.16741071428571427 0.12207357859531773
0 0.7220982142857143 0.45652173913043476 0.17410714285714285 0.1254180602006689
0 0.6082589285714286 0.46153846153846156 0.16517857142857142 0.1254180602006689
0 0.4966517857142857 0.4673913043478261 0.16294642857142858 0.1254180602006689
0 0.38058035714285715 0.46404682274247494 0.17857142857142858 0.1354515050167224
0 0.2689732142857143 0.4665551839464883 0.16964285714285715 0.12876254180602006
0 0.734375 0.38210702341137126 0.16071428571428573 0.11872909698996656
0 0.6183035714285714 0.3804347826086957 0.17857142857142858 0.1354515050167224
0 0.4966517857142857 0.38210702341137126 0.16964285714285715 0.13377926421404682
0 0.3828125 0.39548494983277593 0.15848214285714285 0.12876254180602006
0 0.26004464285714285 0.3896321070234114 0.171875 0.12709030100334448
0 0.7444196428571429 0.29515050167224083 0.17410714285714285 0.13043478260869565
0 0.6261160714285714 0.3010033444816054 0.17410714285714285 0.13377926421404682
0 0.5066964285714286 0.30183946488294316 0.18973214285714285 0.1488294314381271
0 0.37723214285714285 0.3010033444816054 0.1875 0.14715719063545152
0 0.2578125 0.3010033444816054 0.18526785714285715 0.1354515050167224
0 0.765625 0.20652173913043478 0.18973214285714285 0.14381270903010032
0 0.6305803571428571 0.2140468227424749 0.18973214285714285 0.1488294314381271
0 0.5145089285714286 0.205685618729097 0.20758928571428573 0.1505016722408027
0 0.375 0.21153846153846154 0.18526785714285715 0.14214046822742474
0 0.24665178571428573 0.205685618729097 0.18526785714285715 0.13377926421404682