0 0.16294642857142858 0.35785953177257523 0.2544642857142857 0.18896321070234115
0 0.3392857142857143 0.3528428093645485 0.25223214285714285 0.17558528428093645
0 0.5200892857142857 0.3411371237458194 0.25223214285714285 0.17558528428093645
0 0.7087053571428571 0.33528428093645485 0.22991071428571427 0.1588628762541806
0 0.7109375 0.3394648829431438 0.21875 0.15719063545150502
0 0.8839285714285714 0.35535117056856186 0.22767857142857142 0.17224080267558528
0 0.13727678571428573 0.4414715719063545 0.27455357142857145 0.1939799331103679
0 0.53125 0.42642140468227424 0.2611607142857143 0.17558528428093645
0 0.3392857142857143 0.44565217391304346 0.25892857142857145 0.18561872909698995
0 0.7299107142857143 0.43812709030100333 0.25669642857142855 0.17558528428093645
0 0.9029017857142857 0.4498327759197324 0.18973214285714285 0.18729096989966554
0 0.3125 0.5367892976588629 0.29017857142857145 0.205685618729097
0 0.109375 0.5610367892976589 0.21875 0.20234113712374582
0 0.5446428571428571 0.5359531772575251 0.2924107142857143 0.21070234113712374
0 0.7622767857142857 0.5334448160535117 0.25669642857142855 0.1688963210702341
0 0.9174107142857143 0.5434782608695652 0.16071428571428573 0.2040133779264214
0 0.11160714285714286 0.6806020066889632 0.22321428571428573 0.2508361204013378
0 0.2845982142857143 0.6847826086956522 0.34151785714285715 0.25585284280936454
0 0.5502232142857143 0.6780936454849499 0.36830357142857145 0.2826086956521739
0 0.796875 0.6705685618729097 0.36830357142857145 0.2959866220735786
0 0.9274553571428571 0.6747491638795987 0.12723214285714285 0.2408026755852843
0 0.10044642857142858 0.8411371237458194 0.20089285714285715 0.25418060200668896
0 0.2611607142857143 0.8520066889632107 0.3794642857142857 0.2826086956521739
0 0.5647321428571429 0.846989966555184 0.41517857142857145 0.30267558528428096
0 0.8035714285714286 0.846989966555184 0.3169642857142857 0.30267558528428096
0 0.23325892857142858 0.9481605351170569 0.39955357142857145 0.09364548494983277
0 0.5714285714285714 0.9498327759197325 0.40625 0.09698996655518395
0 0.8203125 0.9498327759197325 0.21205357142857142 0.09698996655518395