0 0.8655555555555555 0.3164451827242525 0.24888888888888888 0.16279069767441862
0 0.2511111111111111 0.44601328903654486 0.23333333333333334 0.1611295681063123
0 0.07111111111111111 0.4925249169435216 0.13777777777777778 0.1744186046511628
0 0.46 0.4210963455149502 0.2288888888888889 0.1611295681063123
0 0.6911111111111111 0.4061461794019934 0.26222222222222225 0.19269102990033224
0 0.8955555555555555 0.37790697674418605 0.20444444444444446 0.20764119601328904
0 0.056666666666666664 0.5689368770764119 0.10888888888888888 0.21760797342192692
0 0.4677777777777778 0.49335548172757476 0.2733333333333333 0.18106312292358803
0 0.7188888888888889 0.45099667774086377 0.2822222222222222 0.19933554817275748
0 0.2088888888888889 0.5490033222591362 0.30444444444444446 0.20431893687707642
0 0.9122222222222223 0.44019933554817275 0.1711111111111111 0.2026578073089701
0 0.16555555555555557 0.654485049833887 0.32666666666666666 0.2292358803986711
0 0.4622222222222222 0.6137873754152824 0.3488888888888889 0.2425249169435216
0 0.7744444444444445 0.5714285714285714 0.35777777777777775 0.2574750830564784
0 0.18555555555555556 0.824750830564784 0.3 0.33056478405315615
0 0.45 0.7898671096345515 0.46 0.36212624584717606
0 0.8166666666666667 0.760797342192691 0.3622222222222222 0.3488372093023256