0 0.7289029535864979 0.8069620253164557 0.2679324894514768 0.19462025316455697
0 0.5284810126582279 0.7460443037974683 0.2721518987341772 0.19145569620253164
0 0.09599156118143459 0.6526898734177216 0.19198312236286919 0.19462025316455697
0 0.8565400843881856 0.7349683544303798 0.2616033755274262 0.2389240506329114
0 0.34177215189873417 0.6424050632911392 0.34177215189873417 0.25
0 0.6255274261603375 0.6756329113924051 0.32489451476793246 0.22626582278481014
0 0.1308016877637131 0.5712025316455697 0.2616033755274262 0.24367088607594936
0 0.7784810126582279 0.5846518987341772 0.4282700421940928 0.3037974683544304
0 0.4588607594936709 0.5039556962025317 0.41139240506329117 0.30854430379746833
0 0.16139240506329114 0.41693037974683544 0.3227848101265823 0.31170886075949367
0 0.8744725738396625 0.4153481012658228 0.2468354430379747 0.4287974683544304
0 0.6160337552742616 0.27531645569620256 0.5379746835443038 0.435126582278481
0 0.23417721518987342 0.1930379746835443 0.4472573839662447 0.3860759493670886